
Output from Plumeria 2, fortran version, run date 2022.02.06   0:20

Input values:
        Tropopause elevation above vent (km):    11.0
                   Height of tropopause (km):     9.0
                   Thermal lapse rate (C/km):   -6.50
                       Relative humidity, % :     0.0
                 Air temperature at vent (C):    15.0
          Air pressure  at vent, atmospheres:   1.000
               wind speed at sea level (m/s):   0.000
   change in wind speed with elevation (1/s):   0.000
                wind direction (deg. E of N):    90.0
                           Vent diameter (m):     1.0
                          Vent elevation (m):     0.0
                      Initial velocity (m/s):   200.0
                       Magma temperature (C):    900.
                         Weight fraction gas:   0.030
                         Weight fraction air:   0.001
               Magma specific heat, (J/kg K):  1000.0
                      Magma density, (kg/m3):  2500.0
                     Mixture density (kg/m3):   6.103
                   Mass fraction water added:   0.000
                           Mass flux, (kg/s):  0.959E+03
                 Mass flux of solids, (kg/s):  0.930E+03
                   Mixture sound speed (m/s):   144.0
**********************************************************************************************************************************************************************************************
   i        s        z        x        y       m_m       m_a       m_w       m_l       m_i      v       u          r   T_mix   T_air   rho_mix   rho_air    Time     p_air     water       ice
       meters   meters   meters   meters                                                      m/s     m/s          m  Kelvin  Kelvin     kg/m3     kg/m3 seconds        Pa      g/m3      g/m3
   1      0.0      0.0      0.0      0.0 0.969E+00 0.100E-02 0.300E-01 0.000E+00 0.000E+00    0.00   200.00       0.5  1173.0   288.1     6.103     1.225     0.0  101300.0 0.000E+00 0.000E+00
   2      0.1      0.0      0.0      0.0 0.961E+00 0.899E-02 0.297E-01 0.000E+00 0.000E+00    0.00   198.40       0.5  1165.9   288.1     5.319     1.225     0.0  101299.4 0.000E+00 0.000E+00
   3      0.1      0.1      0.0      0.0 0.954E+00 0.168E-01 0.295E-01 0.000E+00 0.000E+00    0.00   196.83       0.6  1158.9   288.1     4.733     1.225     0.0  101298.8 0.000E+00 0.000E+00
   4      0.1      0.1      0.0      0.0 0.946E+00 0.245E-01 0.293E-01 0.000E+00 0.000E+00    0.00   195.30       0.6  1152.1   288.1     4.277     1.225     0.0  101298.2 0.000E+00 0.000E+00
   5      0.2      0.2      0.0      0.0 0.939E+00 0.320E-01 0.290E-01 0.000E+00 0.000E+00    0.00   193.78       0.6  1145.4   288.1     3.909     1.225     0.0  101297.6 0.000E+00 0.000E+00
   6      0.2      0.2      0.0      0.0 0.932E+00 0.395E-01 0.288E-01 0.000E+00 0.000E+00    0.00   192.29       0.7  1138.8   288.1     3.607     1.225     0.0  101297.0 0.000E+00 0.000E+00
   7      0.3      0.3      0.0      0.0 0.925E+00 0.469E-01 0.286E-01 0.000E+00 0.000E+00    0.00   190.81       0.7  1132.3   288.1     3.354     1.225     0.0  101296.4 0.000E+00 0.000E+00
   8      0.3      0.3      0.0      0.0 0.917E+00 0.542E-01 0.284E-01 0.000E+00 0.000E+00    0.00   189.34       0.7  1125.8   288.1     3.137     1.225     0.0  101295.8 0.000E+00 0.000E+00
   9      0.4      0.4      0.0      0.0 0.910E+00 0.615E-01 0.282E-01 0.000E+00 0.000E+00    0.00   187.88       0.8  1119.3   288.1     2.950     1.225     0.0  101295.2 0.000E+00 0.000E+00
  10      0.5      0.5      0.0      0.0 0.903E+00 0.687E-01 0.279E-01 0.000E+00 0.000E+00    0.00   186.42       0.8  1112.8   288.1     2.787     1.225     0.0  101294.6 0.000E+00 0.000E+00
  11      0.5      0.5      0.0      0.0 0.896E+00 0.760E-01 0.277E-01 0.000E+00 0.000E+00    0.00   184.97       0.8  1106.4   288.1     2.644     1.225     0.0  101294.0 0.000E+00 0.000E+00
  12      0.6      0.6      0.0      0.0 0.889E+00 0.832E-01 0.275E-01 0.000E+00 0.000E+00    0.00   183.53       0.8  1100.0   288.1     2.516     1.225     0.0  101293.3 0.000E+00 0.000E+00
  13      0.6      0.6      0.0      0.0 0.882E+00 0.904E-01 0.273E-01 0.000E+00 0.000E+00    0.00   182.09       0.9  1093.7   288.1     2.402     1.225     0.0  101292.7 0.000E+00 0.000E+00
  14      0.7      0.7      0.0      0.0 0.875E+00 0.975E-01 0.271E-01 0.000E+00 0.000E+00    0.00   180.65       0.9  1087.3   288.1     2.299     1.225     0.0  101292.0 0.000E+00 0.000E+00
  15      0.7      0.7      0.0      0.0 0.868E+00 0.105E+00 0.269E-01 0.000E+00 0.000E+00    0.00   179.22       0.9  1081.0   288.1     2.206     1.225     0.0  101291.4 0.000E+00 0.000E+00
  16      0.8      0.8      0.0      0.0 0.862E+00 0.112E+00 0.266E-01 0.000E+00 0.000E+00    0.00   177.79       1.0  1074.6   288.1     2.122     1.225     0.0  101290.7 0.000E+00 0.000E+00
  17      0.8      0.8      0.0      0.0 0.855E+00 0.119E+00 0.264E-01 0.000E+00 0.000E+00    0.00   176.36       1.0  1068.3   288.1     2.044     1.225     0.0  101290.0 0.000E+00 0.000E+00
  18      0.9      0.9      0.0      0.0 0.848E+00 0.126E+00 0.262E-01 0.000E+00 0.000E+00    0.00   174.93       1.0  1062.0   288.1     1.974     1.225     0.0  101289.3 0.000E+00 0.000E+00
  19      0.9      0.9      0.0      0.0 0.841E+00 0.133E+00 0.260E-01 0.000E+00 0.000E+00    0.00   173.50       1.0  1055.7   288.1     1.909     1.225     0.0  101288.6 0.000E+00 0.000E+00
  20      1.0      1.0      0.0      0.0 0.834E+00 0.140E+00 0.258E-01 0.000E+00 0.000E+00    0.00   172.08       1.1  1049.4   288.1     1.849     1.225     0.0  101287.9 0.000E+00 0.000E+00
  21      1.1      1.1      0.0      0.0 0.827E+00 0.147E+00 0.256E-01 0.000E+00 0.000E+00    0.00   170.65       1.1  1043.1   288.1     1.793     1.225     0.0  101287.2 0.000E+00 0.000E+00
  22      1.1      1.1      0.0      0.0 0.820E+00 0.155E+00 0.254E-01 0.000E+00 0.000E+00    0.00   169.23       1.1  1036.8   288.1     1.742     1.225     0.0  101286.5 0.000E+00 0.000E+00
  23      1.2      1.2      0.0      0.0 0.813E+00 0.162E+00 0.252E-01 0.000E+00 0.000E+00    0.00   167.81       1.1  1030.5   288.1     1.694     1.225     0.0  101285.7 0.000E+00 0.000E+00
  24      1.3      1.3      0.0      0.0 0.806E+00 0.169E+00 0.249E-01 0.000E+00 0.000E+00    0.00   166.39       1.2  1024.2   288.1     1.649     1.225     0.0  101285.0 0.000E+00 0.000E+00
  25      1.3      1.3      0.0      0.0 0.799E+00 0.176E+00 0.247E-01 0.000E+00 0.000E+00    0.00   164.97       1.2  1017.9   288.1     1.607     1.225     0.0  101284.2 0.000E+00 0.000E+00
  26      1.4      1.4      0.0      0.0 0.793E+00 0.183E+00 0.245E-01 0.000E+00 0.000E+00    0.00   163.55       1.2  1011.6   288.1     1.568     1.225     0.0  101283.4 0.000E+00 0.000E+00
  27      1.4      1.4      0.0      0.0 0.786E+00 0.190E+00 0.243E-01 0.000E+00 0.000E+00    0.00   162.13       1.2  1005.3   288.1     1.532     1.225     0.0  101282.6 0.000E+00 0.000E+00
  28      1.5      1.5      0.0      0.0 0.779E+00 0.197E+00 0.241E-01 0.000E+00 0.000E+00    0.00   160.71       1.3   999.1   288.1     1.497     1.225     0.0  101281.8 0.000E+00 0.000E+00
  29      1.6      1.6      0.0      0.0 0.772E+00 0.204E+00 0.239E-01 0.000E+00 0.000E+00    0.00   159.30       1.3   992.8   288.1     1.465     1.225     0.0  101281.0 0.000E+00 0.000E+00
  30      1.7      1.7      0.0      0.0 0.765E+00 0.211E+00 0.237E-01 0.000E+00 0.000E+00    0.00   157.88       1.3   986.5   288.1     1.435     1.225     0.0  101280.1 0.000E+00 0.000E+00
  31      1.7      1.7      0.0      0.0 0.758E+00 0.218E+00 0.235E-01 0.000E+00 0.000E+00    0.00   156.47       1.3   980.3   288.1     1.406     1.225     0.0  101279.3 0.000E+00 0.000E+00
  32      1.8      1.8      0.0      0.0 0.751E+00 0.225E+00 0.232E-01 0.000E+00 0.000E+00    0.00   155.06       1.4   974.0   288.1     1.379     1.225     0.0  101278.4 0.000E+00 0.000E+00
  33      1.9      1.9      0.0      0.0 0.745E+00 0.232E+00 0.230E-01 0.000E+00 0.000E+00    0.00   153.65       1.4   968.6   288.1     1.352     1.225     0.0  101277.5 0.000E+00 0.000E+00
  34      1.9      1.9      0.0      0.0 0.738E+00 0.239E+00 0.228E-01 0.000E+00 0.000E+00    0.00   152.24       1.4   962.5   288.1     1.327     1.225     0.0  101276.6 0.000E+00 0.000E+00
  35      2.0      2.0      0.0      0.0 0.731E+00 0.246E+00 0.226E-01 0.000E+00 0.000E+00    0.00   150.83       1.4   956.3   288.1     1.304     1.225     0.0  101275.7 0.000E+00 0.000E+00
  36      2.1      2.1      0.0      0.0 0.724E+00 0.253E+00 0.224E-01 0.000E+00 0.000E+00    0.00   149.42       1.5   950.2   288.1     1.282     1.225     0.0  101274.8 0.000E+00 0.000E+00
  37      2.2      2.2      0.0      0.0 0.717E+00 0.261E+00 0.222E-01 0.000E+00 0.000E+00    0.00   148.01       1.5   944.1   288.1     1.262     1.225     0.0  101273.9 0.000E+00 0.000E+00
  38      2.3      2.3      0.0      0.0 0.710E+00 0.268E+00 0.220E-01 0.000E+00 0.000E+00    0.00   146.60       1.5   938.0   288.1     1.242     1.225     0.0  101272.9 0.000E+00 0.000E+00
  39      2.3      2.3      0.0      0.0 0.704E+00 0.275E+00 0.218E-01 0.000E+00 0.000E+00    0.00   145.20       1.5   931.9   288.1     1.223     1.225     0.0  101271.9 0.000E+00 0.000E+00
  40      2.4      2.4      0.0      0.0 0.697E+00 0.282E+00 0.216E-01 0.000E+00 0.000E+00    0.00   143.79       1.6   925.8   288.1     1.205     1.225     0.0  101270.9 0.000E+00 0.000E+00
  41      2.5      2.5      0.0      0.0 0.690E+00 0.289E+00 0.213E-01 0.000E+00 0.000E+00    0.00   142.37       1.6   919.6   288.1     1.188     1.225     0.0  101269.9 0.000E+00 0.000E+00
  42      2.6      2.6      0.0      0.0 0.683E+00 0.296E+00 0.211E-01 0.000E+00 0.000E+00    0.00   140.95       1.6   913.5   288.1     1.171     1.225     0.0  101268.8 0.000E+00 0.000E+00
  43      2.7      2.7      0.0      0.0 0.676E+00 0.303E+00 0.209E-01 0.000E+00 0.000E+00    0.00   139.52       1.6   907.3   288.1     1.155     1.225     0.0  101267.8 0.000E+00 0.000E+00
  44      2.8      2.8      0.0      0.0 0.669E+00 0.310E+00 0.207E-01 0.000E+00 0.000E+00    0.00   138.10       1.7   901.1   288.1     1.140     1.225     0.0  101266.7 0.000E+00 0.000E+00
  45      2.9      2.9      0.0      0.0 0.662E+00 0.317E+00 0.205E-01 0.000E+00 0.000E+00    0.00   136.67       1.7   894.9   288.1     1.126     1.225     0.0  101265.6 0.000E+00 0.000E+00
  46      3.0      3.0      0.0      0.0 0.655E+00 0.324E+00 0.203E-01 0.000E+00 0.000E+00    0.00   135.24       1.7   888.7   288.1     1.112     1.225     0.0  101264.5 0.000E+00 0.000E+00
  47      3.0      3.0      0.0      0.0 0.648E+00 0.331E+00 0.201E-01 0.000E+00 0.000E+00    0.00   133.81       1.8   882.5   288.1     1.099     1.225     0.0  101263.4 0.000E+00 0.000E+00
  48      3.1      3.1      0.0      0.0 0.642E+00 0.339E+00 0.198E-01 0.000E+00 0.000E+00    0.00   132.39       1.8   876.3   288.1     1.086     1.225     0.0  101262.3 0.000E+00 0.000E+00
  49      3.2      3.2      0.0      0.0 0.635E+00 0.346E+00 0.196E-01 0.000E+00 0.000E+00    0.00   130.96       1.8   870.2   288.1     1.074     1.225     0.0  101261.1 0.000E+00 0.000E+00
  50      3.3      3.3      0.0      0.0 0.628E+00 0.353E+00 0.194E-01 0.000E+00 0.000E+00    0.00   129.54       1.8   864.0   288.1     1.063     1.225     0.0  101260.0 0.000E+00 0.000E+00
  51      3.4      3.4      0.0      0.0 0.621E+00 0.360E+00 0.192E-01 0.000E+00 0.000E+00    0.00   128.11       1.9   857.8   288.1     1.052     1.225     0.0  101258.8 0.000E+00 0.000E+00
  52      3.5      3.5      0.0      0.0 0.614E+00 0.367E+00 0.190E-01 0.000E+00 0.000E+00    0.00   126.69       1.9   851.7   288.1     1.042     1.225     0.0  101257.6 0.000E+00 0.000E+00
  53      3.6      3.6      0.0      0.0 0.607E+00 0.374E+00 0.188E-01 0.000E+00 0.000E+00    0.00   125.28       1.9   845.6   288.1     1.032     1.225     0.0  101256.3 0.000E+00 0.000E+00
  54      3.7      3.7      0.0      0.0 0.600E+00 0.381E+00 0.186E-01 0.000E+00 0.000E+00    0.00   123.86       2.0   839.4   288.1     1.022     1.225     0.0  101255.1 0.000E+00 0.000E+00
  55      3.8      3.8      0.0      0.0 0.593E+00 0.388E+00 0.184E-01 0.000E+00 0.000E+00    0.00   122.45       2.0   833.3   288.1     1.013     1.225     0.0  101253.8 0.000E+00 0.000E+00
  56      3.9      3.9      0.0      0.0 0.586E+00 0.395E+00 0.181E-01 0.000E+00 0.000E+00    0.00   121.03       2.0   827.2   288.1     1.004     1.225     0.0  101252.5 0.000E+00 0.000E+00
  57      4.1      4.1      0.0      0.0 0.580E+00 0.402E+00 0.179E-01 0.000E+00 0.000E+00    0.00   119.63       2.1   821.1   288.1     0.996     1.225     0.0  101251.2 0.000E+00 0.000E+00
  58      4.2      4.2      0.0      0.0 0.573E+00 0.409E+00 0.177E-01 0.000E+00 0.000E+00    0.00   118.22       2.1   815.0   288.1     0.988     1.225     0.0  101249.9 0.000E+00 0.000E+00
  59      4.3      4.3      0.0      0.0 0.566E+00 0.416E+00 0.175E-01 0.000E+00 0.000E+00    0.00   116.82       2.1   808.9   288.1     0.981     1.225     0.0  101248.5 0.000E+00 0.000E+00
  60      4.4      4.4      0.0      0.0 0.559E+00 0.423E+00 0.173E-01 0.000E+00 0.000E+00    0.00   115.41       2.2   802.8   288.1     0.974     1.224     0.0  101247.2 0.000E+00 0.000E+00
  61      4.5      4.5      0.0      0.0 0.552E+00 0.430E+00 0.171E-01 0.000E+00 0.000E+00    0.00   114.02       2.2   796.8   288.1     0.967     1.224     0.0  101245.7 0.000E+00 0.000E+00
  62      4.6      4.6      0.0      0.0 0.546E+00 0.437E+00 0.169E-01 0.000E+00 0.000E+00    0.00   112.62       2.2   790.7   288.1     0.960     1.224     0.0  101244.3 0.000E+00 0.000E+00
  63      4.8      4.8      0.0      0.0 0.539E+00 0.444E+00 0.167E-01 0.000E+00 0.000E+00    0.00   111.23       2.3   784.7   288.1     0.954     1.224     0.0  101242.8 0.000E+00 0.000E+00
  64      4.9      4.9      0.0      0.0 0.532E+00 0.451E+00 0.165E-01 0.000E+00 0.000E+00    0.00   109.84       2.3   778.7   288.1     0.948     1.224     0.0  101241.3 0.000E+00 0.000E+00
  65      5.0      5.0      0.0      0.0 0.525E+00 0.458E+00 0.162E-01 0.000E+00 0.000E+00    0.00   108.45       2.3   772.6   288.1     0.942     1.224     0.0  101239.8 0.000E+00 0.000E+00
  66      5.1      5.1      0.0      0.0 0.519E+00 0.465E+00 0.160E-01 0.000E+00 0.000E+00    0.00   107.06       2.4   766.6   288.1     0.937     1.224     0.0  101238.2 0.000E+00 0.000E+00
  67      5.3      5.3      0.0      0.0 0.512E+00 0.472E+00 0.158E-01 0.000E+00 0.000E+00    0.00   105.68       2.4   760.6   288.1     0.932     1.224     0.0  101236.6 0.000E+00 0.000E+00
  68      5.4      5.4      0.0      0.0 0.505E+00 0.479E+00 0.156E-01 0.000E+00 0.000E+00    0.00   104.30       2.5   754.6   288.1     0.927     1.224     0.0  101235.0 0.000E+00 0.000E+00
  69      5.5      5.5      0.0      0.0 0.499E+00 0.486E+00 0.154E-01 0.000E+00 0.000E+00    0.00   102.92       2.5   748.6   288.1     0.922     1.224     0.0  101233.4 0.000E+00 0.000E+00
  70      5.7      5.7      0.0      0.0 0.492E+00 0.493E+00 0.152E-01 0.000E+00 0.000E+00    0.00   101.55       2.5   742.7   288.1     0.918     1.224     0.0  101231.6 0.000E+00 0.000E+00
  71      5.8      5.8      0.0      0.0 0.485E+00 0.500E+00 0.150E-01 0.000E+00 0.000E+00    0.00   100.17       2.6   736.7   288.1     0.914     1.224     0.0  101229.9 0.000E+00 0.000E+00
  72      6.0      6.0      0.0      0.0 0.479E+00 0.507E+00 0.148E-01 0.000E+00 0.000E+00    0.00    98.81       2.6   730.7   288.1     0.910     1.224     0.0  101228.1 0.000E+00 0.000E+00
  73      6.1      6.1      0.0      0.0 0.472E+00 0.514E+00 0.146E-01 0.000E+00 0.000E+00    0.00    97.44       2.7   724.8   288.1     0.906     1.224     0.0  101226.3 0.000E+00 0.000E+00
  74      6.3      6.3      0.0      0.0 0.465E+00 0.520E+00 0.144E-01 0.000E+00 0.000E+00    0.00    96.08       2.7   718.8   288.1     0.903     1.224     0.0  101224.4 0.000E+00 0.000E+00
  75      6.5      6.5      0.0      0.0 0.459E+00 0.527E+00 0.142E-01 0.000E+00 0.000E+00    0.00    94.72       2.8   712.9   288.1     0.899     1.224     0.0  101222.5 0.000E+00 0.000E+00
  76      6.6      6.6      0.0      0.0 0.452E+00 0.534E+00 0.140E-01 0.000E+00 0.000E+00    0.00    93.36       2.8   707.0   288.1     0.896     1.224     0.1  101220.5 0.000E+00 0.000E+00
  77      6.8      6.8      0.0      0.0 0.445E+00 0.541E+00 0.138E-01 0.000E+00 0.000E+00    0.00    92.00       2.8   701.0   288.1     0.894     1.224     0.1  101218.5 0.000E+00 0.000E+00
  78      7.0      7.0      0.0      0.0 0.439E+00 0.548E+00 0.136E-01 0.000E+00 0.000E+00    0.00    90.65       2.9   695.1   288.1     0.891     1.224     0.1  101216.4 0.000E+00 0.000E+00
  79      7.1      7.1      0.0      0.0 0.432E+00 0.554E+00 0.134E-01 0.000E+00 0.000E+00    0.00    89.31       2.9   689.2   288.1     0.889     1.224     0.1  101214.3 0.000E+00 0.000E+00
  80      7.3      7.3      0.0      0.0 0.426E+00 0.561E+00 0.132E-01 0.000E+00 0.000E+00    0.00    87.96       3.0   683.3   288.1     0.886     1.224     0.1  101212.1 0.000E+00 0.000E+00
  81      7.5      7.5      0.0      0.0 0.419E+00 0.568E+00 0.130E-01 0.000E+00 0.000E+00    0.00    86.62       3.0   677.5   288.1     0.884     1.224     0.1  101209.9 0.000E+00 0.000E+00
  82      7.7      7.7      0.0      0.0 0.413E+00 0.575E+00 0.128E-01 0.000E+00 0.000E+00    0.00    85.28       3.1   671.6   288.1     0.882     1.224     0.1  101207.6 0.000E+00 0.000E+00
  83      7.9      7.9      0.0      0.0 0.406E+00 0.581E+00 0.126E-01 0.000E+00 0.000E+00    0.00    83.94       3.1   665.7   288.1     0.881     1.224     0.1  101205.2 0.000E+00 0.000E+00
  84      8.1      8.1      0.0      0.0 0.400E+00 0.588E+00 0.124E-01 0.000E+00 0.000E+00    0.00    82.61       3.2   659.9   288.1     0.879     1.224     0.1  101202.8 0.000E+00 0.000E+00
  85      8.3      8.3      0.0      0.0 0.393E+00 0.595E+00 0.122E-01 0.000E+00 0.000E+00    0.00    81.28       3.2   654.0   288.1     0.878     1.224     0.1  101200.2 0.000E+00 0.000E+00
  86      8.5      8.5      0.0      0.0 0.387E+00 0.601E+00 0.120E-01 0.000E+00 0.000E+00    0.00    79.96       3.3   648.2   288.1     0.877     1.224     0.1  101197.6 0.000E+00 0.000E+00
  87      8.7      8.7      0.0      0.0 0.380E+00 0.608E+00 0.118E-01 0.000E+00 0.000E+00    0.00    78.64       3.4   642.3   288.1     0.876     1.224     0.1  101195.0 0.000E+00 0.000E+00
  88      9.0      9.0      0.0      0.0 0.374E+00 0.615E+00 0.116E-01 0.000E+00 0.000E+00    0.00    77.32       3.4   636.5   288.1     0.875     1.224     0.1  101192.2 0.000E+00 0.000E+00
  89      9.2      9.2      0.0      0.0 0.368E+00 0.621E+00 0.114E-01 0.000E+00 0.000E+00    0.00    76.01       3.5   630.7   288.1     0.874     1.224     0.1  101189.4 0.000E+00 0.000E+00
  90      9.5      9.5      0.0      0.0 0.361E+00 0.628E+00 0.112E-01 0.000E+00 0.000E+00    0.00    74.70       3.5   624.9   288.1     0.874     1.224     0.1  101186.4 0.000E+00 0.000E+00
  91      9.7      9.7      0.0      0.0 0.355E+00 0.634E+00 0.110E-01 0.000E+00 0.000E+00    0.00    73.39       3.6   619.1   288.1     0.873     1.224     0.1  101183.4 0.000E+00 0.000E+00
  92     10.0     10.0      0.0      0.0 0.348E+00 0.641E+00 0.108E-01 0.000E+00 0.000E+00    0.00    72.09       3.7   613.4   288.1     0.873     1.224     0.1  101180.3 0.000E+00 0.000E+00
  93     10.2     10.2      0.0      0.0 0.342E+00 0.647E+00 0.106E-01 0.000E+00 0.000E+00    0.00    70.79       3.7   607.6   288.1     0.873     1.224     0.1  101177.0 0.000E+00 0.000E+00
  94     10.5     10.5      0.0      0.0 0.336E+00 0.654E+00 0.104E-01 0.000E+00 0.000E+00    0.00    69.50       3.8   601.8   288.1     0.873     1.224     0.1  101173.7 0.000E+00 0.000E+00
  95     10.8     10.8      0.0      0.0 0.329E+00 0.660E+00 0.102E-01 0.000E+00 0.000E+00    0.00    68.21       3.9   596.1   288.1     0.874     1.224     0.1  101170.2 0.000E+00 0.000E+00
  96     11.1     11.1      0.0      0.0 0.323E+00 0.667E+00 0.999E-02 0.000E+00 0.000E+00    0.00    66.92       4.0   590.3   288.1     0.874     1.224     0.1  101166.6 0.000E+00 0.000E+00
  97     11.4     11.4      0.0      0.0 0.317E+00 0.673E+00 0.980E-02 0.000E+00 0.000E+00    0.00    65.64       4.0   584.6   288.1     0.875     1.224     0.1  101162.9 0.000E+00 0.000E+00
  98     11.7     11.7      0.0      0.0 0.311E+00 0.680E+00 0.961E-02 0.000E+00 0.000E+00    0.00    64.36       4.1   578.9   288.1     0.876     1.224     0.1  101159.0 0.000E+00 0.000E+00
  99     12.1     12.1      0.0      0.0 0.304E+00 0.686E+00 0.941E-02 0.000E+00 0.000E+00    0.00    63.09       4.2   573.2   288.1     0.877     1.224     0.1  101155.0 0.000E+00 0.000E+00
 100     12.4     12.4      0.0      0.0 0.298E+00 0.693E+00 0.922E-02 0.000E+00 0.000E+00    0.00    61.82       4.3   567.5   288.1     0.878     1.224     0.1  101150.8 0.000E+00 0.000E+00
 101     12.8     12.8      0.0      0.0 0.292E+00 0.699E+00 0.903E-02 0.000E+00 0.000E+00    0.00    60.56       4.4   561.8   288.1     0.879     1.224     0.1  101146.5 0.000E+00 0.000E+00
 102     13.2     13.2      0.0      0.0 0.286E+00 0.705E+00 0.884E-02 0.000E+00 0.000E+00    0.00    59.30       4.5   556.2   288.1     0.880     1.223     0.1  101141.9 0.000E+00 0.000E+00
 103     13.6     13.6      0.0      0.0 0.280E+00 0.712E+00 0.865E-02 0.000E+00 0.000E+00    0.00    58.05       4.5   550.5   288.1     0.882     1.223     0.1  101137.2 0.000E+00 0.000E+00
 104     14.0     14.0      0.0      0.0 0.273E+00 0.718E+00 0.846E-02 0.000E+00 0.000E+00    0.00    56.81       4.6   544.9   288.1     0.884     1.223     0.2  101132.3 0.000E+00 0.000E+00
 105     14.4     14.4      0.0      0.0 0.267E+00 0.724E+00 0.827E-02 0.000E+00 0.000E+00    0.00    55.57       4.7   539.3   288.1     0.886     1.223     0.2  101127.2 0.000E+00 0.000E+00
 106     14.8     14.8      0.0      0.0 0.261E+00 0.731E+00 0.808E-02 0.000E+00 0.000E+00    0.00    54.33       4.8   533.7   288.1     0.888     1.223     0.2  101121.9 0.000E+00 0.000E+00
 107     15.3     15.3      0.0      0.0 0.255E+00 0.737E+00 0.789E-02 0.000E+00 0.000E+00    0.00    53.10       5.0   528.1   288.1     0.890     1.223     0.2  101116.3 0.000E+00 0.000E+00
 108     15.8     15.8      0.0      0.0 0.249E+00 0.743E+00 0.771E-02 0.000E+00 0.000E+00    0.00    51.88       5.1   522.5   288.0     0.892     1.223     0.2  101110.5 0.000E+00 0.000E+00
 109     16.3     16.3      0.0      0.0 0.243E+00 0.749E+00 0.752E-02 0.000E+00 0.000E+00    0.00    50.66       5.2   517.0   288.0     0.895     1.223     0.2  101104.4 0.000E+00 0.000E+00
 110     16.8     16.8      0.0      0.0 0.237E+00 0.755E+00 0.734E-02 0.000E+00 0.000E+00    0.00    49.45       5.3   511.4   288.0     0.898     1.223     0.2  101098.0 0.000E+00 0.000E+00
 111     17.4     17.4      0.0      0.0 0.231E+00 0.762E+00 0.715E-02 0.000E+00 0.000E+00    0.00    48.25       5.4   505.9   288.0     0.900     1.223     0.2  101091.4 0.000E+00 0.000E+00
 112     18.0     18.0      0.0      0.0 0.225E+00 0.768E+00 0.697E-02 0.000E+00 0.000E+00    0.00    47.06       5.6   500.4   288.0     0.904     1.223     0.2  101084.3 0.000E+00 0.000E+00
 113     18.6     18.6      0.0      0.0 0.219E+00 0.774E+00 0.679E-02 0.000E+00 0.000E+00    0.00    45.87       5.7   495.0   288.0     0.907     1.223     0.2  101077.0 0.000E+00 0.000E+00
 114     19.2     19.2      0.0      0.0 0.214E+00 0.780E+00 0.660E-02 0.000E+00 0.000E+00    0.00    44.69       5.8   489.5   288.0     0.910     1.223     0.3  101069.2 0.000E+00 0.000E+00
 115     19.9     19.9      0.0      0.0 0.208E+00 0.786E+00 0.642E-02 0.000E+00 0.000E+00    0.00    43.51       6.0   484.1   288.0     0.914     1.223     0.3  101061.1 0.000E+00 0.000E+00
 116     20.6     20.6      0.0      0.0 0.202E+00 0.792E+00 0.624E-02 0.000E+00 0.000E+00    0.00    42.35       6.1   478.7   288.0     0.917     1.223     0.3  101052.5 0.000E+00 0.000E+00
 117     21.4     21.4      0.0      0.0 0.196E+00 0.798E+00 0.606E-02 0.000E+00 0.000E+00    0.00    41.19       6.3   473.3   288.0     0.921     1.222     0.3  101043.4 0.000E+00 0.000E+00
 118     22.2     22.2      0.0      0.0 0.190E+00 0.804E+00 0.589E-02 0.000E+00 0.000E+00    0.00    40.05       6.5   467.9   288.0     0.925     1.222     0.3  101033.8 0.000E+00 0.000E+00
 119     23.0     23.0      0.0      0.0 0.185E+00 0.810E+00 0.571E-02 0.000E+00 0.000E+00    0.00    38.91       6.7   462.6   288.0     0.929     1.222     0.4  101023.7 0.000E+00 0.000E+00
 120     23.9     23.9      0.0      0.0 0.179E+00 0.816E+00 0.553E-02 0.000E+00 0.000E+00    0.00    37.78       6.8   457.3   288.0     0.934     1.222     0.4  101013.0 0.000E+00 0.000E+00
 121     24.9     24.9      0.0      0.0 0.173E+00 0.821E+00 0.536E-02 0.000E+00 0.000E+00    0.00    36.66       7.0   452.0   288.0     0.938     1.222     0.4  101001.6 0.000E+00 0.000E+00
 122     25.9     25.9      0.0      0.0 0.168E+00 0.827E+00 0.518E-02 0.000E+00 0.000E+00    0.00    35.55       7.3   446.7   288.0     0.943     1.222     0.4  100989.6 0.000E+00 0.000E+00
 123     26.9     26.9      0.0      0.0 0.162E+00 0.833E+00 0.501E-02 0.000E+00 0.000E+00    0.00    34.46       7.5   441.5   288.0     0.948     1.222     0.5  100976.7 0.000E+00 0.000E+00
 124     28.1     28.1      0.0      0.0 0.157E+00 0.839E+00 0.484E-02 0.000E+00 0.000E+00    0.00    33.37       7.7   436.3   288.0     0.953     1.222     0.5  100963.1 0.000E+00 0.000E+00
 125     29.3     29.3      0.0      0.0 0.151E+00 0.844E+00 0.467E-02 0.000E+00 0.000E+00    0.00    32.30       8.0   431.1   288.0     0.958     1.222     0.5  100948.5 0.000E+00 0.000E+00
 126     30.6     30.6      0.0      0.0 0.146E+00 0.850E+00 0.450E-02 0.000E+00 0.000E+00    0.00    31.24       8.2   426.0   288.0     0.963     1.221     0.6  100932.9 0.000E+00 0.000E+00
 127     32.0     32.0      0.0      0.0 0.140E+00 0.856E+00 0.433E-02 0.000E+00 0.000E+00    0.00    30.20       8.5   420.9   287.9     0.969     1.221     0.6  100916.3 0.000E+00 0.000E+00
 128     33.5     33.5      0.0      0.0 0.135E+00 0.861E+00 0.417E-02 0.000E+00 0.000E+00    0.00    29.16       8.8   415.8   287.9     0.974     1.221     0.7  100898.4 0.000E+00 0.000E+00
 129     35.1     35.1      0.0      0.0 0.129E+00 0.867E+00 0.400E-02 0.000E+00 0.000E+00    0.00    28.15       9.1   410.8   287.9     0.980     1.221     0.7  100879.2 0.000E+00 0.000E+00
 130     36.8     36.8      0.0      0.0 0.124E+00 0.872E+00 0.384E-02 0.000E+00 0.000E+00    0.00    27.15       9.4   405.8   287.9     0.986     1.221     0.8  100858.6 0.000E+00 0.000E+00
 131     38.7     38.7      0.0      0.0 0.119E+00 0.877E+00 0.368E-02 0.000E+00 0.000E+00    0.00    26.16       9.8   400.9   287.9     0.992     1.220     0.9  100836.3 0.000E+00 0.000E+00
 132     40.7     40.7      0.0      0.0 0.114E+00 0.883E+00 0.352E-02 0.000E+00 0.000E+00    0.00    25.19      10.2   396.0   287.9     0.999     1.220     0.9  100812.3 0.000E+00 0.000E+00
 133     42.8     42.8      0.0      0.0 0.109E+00 0.888E+00 0.336E-02 0.000E+00 0.000E+00    0.00    24.24      10.6   391.2   287.9     1.005     1.220     1.0  100786.3 0.000E+00 0.000E+00
 134     45.2     45.2      0.0      0.0 0.104E+00 0.893E+00 0.321E-02 0.000E+00 0.000E+00    0.00    23.32      11.0   386.4   287.9     1.012     1.220     1.1  100758.0 0.000E+00 0.000E+00
 135     47.8     47.8      0.0      0.0 0.986E-01 0.898E+00 0.305E-02 0.000E+00 0.000E+00    0.00    22.41      11.5   381.6   287.8     1.018     1.219     1.2  100727.3 0.000E+00 0.000E+00
 136     50.6     50.6      0.0      0.0 0.937E-01 0.903E+00 0.290E-02 0.000E+00 0.000E+00    0.00    21.52      12.0   376.9   287.8     1.025     1.219     1.4  100693.8 0.000E+00 0.000E+00
 137     53.6     53.6      0.0      0.0 0.888E-01 0.908E+00 0.275E-02 0.000E+00 0.000E+00    0.00    20.66      12.5   372.3   287.8     1.032     1.219     1.5  100657.1 0.000E+00 0.000E+00
 138     57.0     57.0      0.0      0.0 0.840E-01 0.913E+00 0.260E-02 0.000E+00 0.000E+00    0.00    19.82      13.1   367.7   287.8     1.039     1.218     1.7  100616.9 0.000E+00 0.000E+00
 139     60.7     60.7      0.0      0.0 0.792E-01 0.918E+00 0.245E-02 0.000E+00 0.000E+00    0.00    19.00      13.7   363.1   287.8     1.046     1.218     1.9  100572.6 0.000E+00 0.000E+00
 140     64.8     64.8      0.0      0.0 0.746E-01 0.923E+00 0.231E-02 0.000E+00 0.000E+00    0.00    18.22      14.4   358.7   287.7     1.054     1.217     2.1  100523.8 0.000E+00 0.000E+00
 141     69.3     69.3      0.0      0.0 0.700E-01 0.928E+00 0.216E-02 0.000E+00 0.000E+00    0.00    17.46      15.1   354.3   287.7     1.061     1.217     2.3  100469.7 0.000E+00 0.000E+00
 142     74.3     74.3      0.0      0.0 0.655E-01 0.933E+00 0.202E-02 0.000E+00 0.000E+00    0.00    16.73      15.9   349.9   287.7     1.068     1.216     2.6  100409.7 0.000E+00 0.000E+00
 143     79.8     79.8      0.0      0.0 0.611E-01 0.937E+00 0.189E-02 0.000E+00 0.000E+00    0.00    16.05      16.7   345.8   287.6     1.076     1.216     3.0  100344.5 0.000E+00 0.000E+00
 144     85.7     85.7      0.0      0.0 0.571E-01 0.941E+00 0.176E-02 0.000E+00 0.000E+00    0.00    15.42      17.6   341.8   287.6     1.083     1.215     3.3  100274.8 0.000E+00 0.000E+00
 145     91.8     91.8      0.0      0.0 0.533E-01 0.945E+00 0.165E-02 0.000E+00 0.000E+00    0.00    14.85      18.5   338.2   287.6     1.089     1.214     3.7  100201.4 0.000E+00 0.000E+00
 146     98.3     98.3      0.0      0.0 0.498E-01 0.949E+00 0.154E-02 0.000E+00 0.000E+00    0.00    14.34      19.4   334.8   287.5     1.096     1.213     4.2  100124.7 0.000E+00 0.000E+00
 147    104.9    104.9      0.0      0.0 0.466E-01 0.952E+00 0.144E-02 0.000E+00 0.000E+00    0.00    13.89      20.4   331.7   287.5     1.101     1.213     4.7  100045.4 0.000E+00 0.000E+00
 148    111.8    111.8      0.0      0.0 0.436E-01 0.955E+00 0.135E-02 0.000E+00 0.000E+00    0.00    13.48      21.3   328.9   287.4     1.107     1.212     5.2   99964.0 0.000E+00 0.000E+00
 149    118.8    118.8      0.0      0.0 0.410E-01 0.958E+00 0.127E-02 0.000E+00 0.000E+00    0.00    13.12      22.2   326.2   287.4     1.111     1.211     5.7   99880.8 0.000E+00 0.000E+00
 150    125.9    125.9      0.0      0.0 0.385E-01 0.960E+00 0.119E-02 0.000E+00 0.000E+00    0.00    12.79      23.2   323.9   287.3     1.116     1.210     6.2   99796.2 0.000E+00 0.000E+00
 151    133.1    133.1      0.0      0.0 0.363E-01 0.963E+00 0.112E-02 0.000E+00 0.000E+00    0.00    12.50      24.1   321.7   287.3     1.120     1.209     6.8   99710.5 0.000E+00 0.000E+00
 152    140.4    140.4      0.0      0.0 0.343E-01 0.965E+00 0.106E-02 0.000E+00 0.000E+00    0.00    12.24      25.0   319.7   287.2     1.124     1.209     7.4   99623.9 0.000E+00 0.000E+00
 153    147.8    147.8      0.0      0.0 0.324E-01 0.967E+00 0.100E-02 0.000E+00 0.000E+00    0.00    12.00      26.0   317.8   287.2     1.127     1.208     8.0   99536.5 0.000E+00 0.000E+00
 154    155.2    155.2      0.0      0.0 0.307E-01 0.968E+00 0.950E-03 0.000E+00 0.000E+00    0.00    11.78      26.9   316.2   287.1     1.130     1.207     8.6   99448.6 0.000E+00 0.000E+00
 155    162.7    162.7      0.0      0.0 0.291E-01 0.970E+00 0.901E-03 0.000E+00 0.000E+00    0.00    11.59      27.8   314.6   287.1     1.133     1.206     9.3   99360.3 0.000E+00 0.000E+00
 156    170.2    170.2      0.0      0.0 0.277E-01 0.971E+00 0.857E-03 0.000E+00 0.000E+00    0.00    11.41      28.7   313.2   287.0     1.135     1.205     9.9   99271.5 0.000E+00 0.000E+00
 157    177.7    177.7      0.0      0.0 0.264E-01 0.973E+00 0.815E-03 0.000E+00 0.000E+00    0.00    11.24      29.6   311.8   287.0     1.138     1.204    10.6   99182.6 0.000E+00 0.000E+00
 158    185.3    185.3      0.0      0.0 0.251E-01 0.974E+00 0.777E-03 0.000E+00 0.000E+00    0.00    11.08      30.5   310.6   286.9     1.140     1.203    11.3   99093.4 0.000E+00 0.000E+00
 159    192.8    192.8      0.0      0.0 0.240E-01 0.975E+00 0.742E-03 0.000E+00 0.000E+00    0.00    10.94      31.4   309.5   286.9     1.142     1.202    11.9   99004.1 0.000E+00 0.000E+00
 160    200.0    200.0      0.0      0.0 0.230E-01 0.976E+00 0.711E-03 0.000E+00 0.000E+00    0.00    10.81      32.3   308.4   286.9     1.143     1.202    12.6   98919.5 0.000E+00 0.000E+00
 161    207.3    207.3      0.0      0.0 0.220E-01 0.977E+00 0.682E-03 0.000E+00 0.000E+00    0.00    10.69      33.1   307.5   286.8     1.145     1.201    13.3   98833.9 0.000E+00 0.000E+00
 162    214.6    214.6      0.0      0.0 0.212E-01 0.978E+00 0.654E-03 0.000E+00 0.000E+00    0.00    10.58      34.0   306.6   286.8     1.146     1.200    14.0   98747.5 0.000E+00 0.000E+00
 163    222.0    222.0      0.0      0.0 0.203E-01 0.979E+00 0.628E-03 0.000E+00 0.000E+00    0.00    10.47      34.8   305.7   286.7     1.147     1.199    14.7   98660.5 0.000E+00 0.000E+00
 164    229.4    229.4      0.0      0.0 0.195E-01 0.980E+00 0.604E-03 0.000E+00 0.000E+00    0.00    10.36      35.7   304.9   286.7     1.149     1.198    15.4   98572.9 0.000E+00 0.000E+00
 165    236.9    236.9      0.0      0.0 0.188E-01 0.981E+00 0.581E-03 0.000E+00 0.000E+00    0.00    10.27      36.5   304.1   286.6     1.150     1.197    16.1   98485.0 0.000E+00 0.000E+00
 166    244.4    244.4      0.0      0.0 0.181E-01 0.981E+00 0.559E-03 0.000E+00 0.000E+00    0.00    10.17      37.4   303.4   286.6     1.151     1.196    16.9   98396.7 0.000E+00 0.000E+00
 167    252.0    252.0      0.0      0.0 0.174E-01 0.982E+00 0.539E-03 0.000E+00 0.000E+00    0.00    10.08      38.3   302.7   286.5     1.151     1.196    17.6   98308.3 0.000E+00 0.000E+00
 168    259.5    259.5      0.0      0.0 0.168E-01 0.983E+00 0.519E-03 0.000E+00 0.000E+00    0.00     9.99      39.1   302.0   286.5     1.152     1.195    18.4   98219.6 0.000E+00 0.000E+00
 169    267.1    267.1      0.0      0.0 0.162E-01 0.983E+00 0.501E-03 0.000E+00 0.000E+00    0.00     9.91      40.0   301.4   286.4     1.153     1.194    19.1   98130.9 0.000E+00 0.000E+00
 170    274.7    274.7      0.0      0.0 0.156E-01 0.984E+00 0.484E-03 0.000E+00 0.000E+00    0.00     9.83      40.8   300.8   286.4     1.153     1.193    19.9   98042.2 0.000E+00 0.000E+00
 171    282.3    282.3      0.0      0.0 0.151E-01 0.984E+00 0.468E-03 0.000E+00 0.000E+00    0.00     9.75      41.7   300.3   286.3     1.154     1.192    20.7   97953.7 0.000E+00 0.000E+00
 172    289.8    289.8      0.0      0.0 0.146E-01 0.985E+00 0.452E-03 0.000E+00 0.000E+00    0.00     9.67      42.6   299.7   286.3     1.154     1.191    21.4   97865.6 0.000E+00 0.000E+00
 173    297.3    297.3      0.0      0.0 0.142E-01 0.985E+00 0.438E-03 0.000E+00 0.000E+00    0.00     9.60      43.4   299.2   286.2     1.155     1.190    22.2   97777.8 0.000E+00 0.000E+00
 174    304.8    304.8      0.0      0.0 0.137E-01 0.986E+00 0.424E-03 0.000E+00 0.000E+00    0.00     9.53      44.2   298.8   286.2     1.155     1.190    23.0   97690.6 0.000E+00 0.000E+00
 175    312.2    312.2      0.0      0.0 0.133E-01 0.986E+00 0.411E-03 0.000E+00 0.000E+00    0.00     9.47      45.1   298.3   286.1     1.155     1.189    23.8   97603.8 0.000E+00 0.000E+00
 176    319.6    319.6      0.0      0.0 0.129E-01 0.987E+00 0.399E-03 0.000E+00 0.000E+00    0.00     9.40      45.9   297.9   286.1     1.155     1.188    24.6   97517.6 0.000E+00 0.000E+00
 177    327.0    327.0      0.0      0.0 0.125E-01 0.987E+00 0.388E-03 0.000E+00 0.000E+00    0.00     9.34      46.8   297.4   286.0     1.156     1.187    25.3   97431.9 0.000E+00 0.000E+00
 178    334.3    334.3      0.0      0.0 0.122E-01 0.987E+00 0.377E-03 0.000E+00 0.000E+00    0.00     9.28      47.6   297.1   286.0     1.156     1.186    26.1   97346.8 0.000E+00 0.000E+00
 179    341.5    341.5      0.0      0.0 0.118E-01 0.988E+00 0.366E-03 0.000E+00 0.000E+00    0.00     9.22      48.4   296.7   285.9     1.156     1.185    26.9   97262.3 0.000E+00 0.000E+00
 180    348.8    348.8      0.0      0.0 0.115E-01 0.988E+00 0.356E-03 0.000E+00 0.000E+00    0.00     9.16      49.2   296.3   285.9     1.156     1.184    27.7   97178.4 0.000E+00 0.000E+00
 181    355.9    355.9      0.0      0.0 0.112E-01 0.988E+00 0.347E-03 0.000E+00 0.000E+00    0.00     9.11      50.0   296.0   285.8     1.156     1.184    28.5   97095.0 0.000E+00 0.000E+00
 182    363.1    363.1      0.0      0.0 0.109E-01 0.989E+00 0.338E-03 0.000E+00 0.000E+00    0.00     9.05      50.8   295.6   285.8     1.156     1.183    29.3   97012.2 0.000E+00 0.000E+00
 183    370.2    370.2      0.0      0.0 0.107E-01 0.989E+00 0.330E-03 0.000E+00 0.000E+00    0.00     9.00      51.6   295.3   285.7     1.156     1.182    30.1   96930.0 0.000E+00 0.000E+00
 184    377.2    377.2      0.0      0.0 0.104E-01 0.989E+00 0.322E-03 0.000E+00 0.000E+00    0.00     8.95      52.4   295.0   285.7     1.156     1.181    30.8   96848.3 0.000E+00 0.000E+00
 185    384.2    384.2      0.0      0.0 0.101E-01 0.990E+00 0.314E-03 0.000E+00 0.000E+00    0.00     8.90      53.2   294.7   285.7     1.156     1.180    31.6   96767.2 0.000E+00 0.000E+00
 186    391.2    391.2      0.0      0.0 0.991E-02 0.990E+00 0.306E-03 0.000E+00 0.000E+00    0.00     8.85      54.0   294.4   285.6     1.155     1.180    32.4   96686.6 0.000E+00 0.000E+00
 187    398.1    398.1      0.0      0.0 0.968E-02 0.990E+00 0.299E-03 0.000E+00 0.000E+00    0.00     8.80      54.8   294.2   285.6     1.155     1.179    33.2   96606.5 0.000E+00 0.000E+00
 188    405.0    405.0      0.0      0.0 0.946E-02 0.990E+00 0.293E-03 0.000E+00 0.000E+00    0.00     8.76      55.6   293.9   285.5     1.155     1.178    34.0   96526.9 0.000E+00 0.000E+00
 189    411.8    411.8      0.0      0.0 0.925E-02 0.990E+00 0.286E-03 0.000E+00 0.000E+00    0.00     8.71      56.4   293.6   285.5     1.155     1.177    34.8   96447.8 0.000E+00 0.000E+00
 190    418.6    418.6      0.0      0.0 0.905E-02 0.991E+00 0.280E-03 0.000E+00 0.000E+00    0.00     8.66      57.2   293.4   285.4     1.155     1.176    35.5   96369.2 0.000E+00 0.000E+00
 191    425.4    425.4      0.0      0.0 0.885E-02 0.991E+00 0.274E-03 0.000E+00 0.000E+00    0.00     8.62      57.9   293.2   285.4     1.155     1.176    36.3   96291.1 0.000E+00 0.000E+00
 192    432.1    432.1      0.0      0.0 0.867E-02 0.991E+00 0.268E-03 0.000E+00 0.000E+00    0.00     8.58      58.7   292.9   285.3     1.154     1.175    37.1   96213.5 0.000E+00 0.000E+00
 193    438.8    438.8      0.0      0.0 0.849E-02 0.991E+00 0.263E-03 0.000E+00 0.000E+00    0.00     8.54      59.5   292.7   285.3     1.154     1.174    37.9   96136.3 0.000E+00 0.000E+00
 194    445.5    445.5      0.0      0.0 0.832E-02 0.991E+00 0.257E-03 0.000E+00 0.000E+00    0.00     8.49      60.2   292.5   285.3     1.154     1.173    38.7   96059.6 0.000E+00 0.000E+00
 195    452.1    452.1      0.0      0.0 0.815E-02 0.992E+00 0.252E-03 0.000E+00 0.000E+00    0.00     8.45      61.0   292.3   285.2     1.154     1.173    39.5   95983.4 0.000E+00 0.000E+00
 196    458.7    458.7      0.0      0.0 0.800E-02 0.992E+00 0.247E-03 0.000E+00 0.000E+00    0.00     8.41      61.7   292.1   285.2     1.153     1.172    40.2   95907.5 0.000E+00 0.000E+00
 197    465.3    465.3      0.0      0.0 0.784E-02 0.992E+00 0.243E-03 0.000E+00 0.000E+00    0.00     8.37      62.5   291.9   285.1     1.153     1.171    41.0   95832.1 0.000E+00 0.000E+00
 198    471.8    471.8      0.0      0.0 0.770E-02 0.992E+00 0.238E-03 0.000E+00 0.000E+00    0.00     8.34      63.2   291.7   285.1     1.153     1.170    41.8   95757.2 0.000E+00 0.000E+00
 199    478.3    478.3      0.0      0.0 0.755E-02 0.992E+00 0.234E-03 0.000E+00 0.000E+00    0.00     8.30      64.0   291.5   285.0     1.152     1.170    42.6   95682.6 0.000E+00 0.000E+00
 200    484.8    484.8      0.0      0.0 0.742E-02 0.992E+00 0.229E-03 0.000E+00 0.000E+00    0.00     8.26      64.7   291.3   285.0     1.152     1.169    43.4   95608.4 0.000E+00 0.000E+00
 201    491.2    491.2      0.0      0.0 0.728E-02 0.992E+00 0.225E-03 0.000E+00 0.000E+00    0.00     8.22      65.5   291.1   285.0     1.152     1.168    44.1   95534.7 0.000E+00 0.000E+00
 202    497.6    497.6      0.0      0.0 0.715E-02 0.993E+00 0.221E-03 0.000E+00 0.000E+00    0.00     8.19      66.2   291.0   284.9     1.151     1.168    44.9   95461.3 0.000E+00 0.000E+00
 203    504.0    504.0      0.0      0.0 0.703E-02 0.993E+00 0.217E-03 0.000E+00 0.000E+00    0.00     8.15      67.0   290.8   284.9     1.151     1.167    45.7   95388.3 0.000E+00 0.000E+00
 204    510.3    510.3      0.0      0.0 0.691E-02 0.993E+00 0.214E-03 0.000E+00 0.000E+00    0.00     8.11      67.7   290.6   284.8     1.151     1.166    46.5   95315.7 0.000E+00 0.000E+00
 205    516.6    516.6      0.0      0.0 0.679E-02 0.993E+00 0.210E-03 0.000E+00 0.000E+00    0.00     8.08      68.4   290.5   284.8     1.150     1.165    47.3   95243.5 0.000E+00 0.000E+00
 206    522.9    522.9      0.0      0.0 0.668E-02 0.993E+00 0.207E-03 0.000E+00 0.000E+00    0.00     8.05      69.2   290.3   284.8     1.150     1.165    48.0   95171.6 0.000E+00 0.000E+00
 207    529.2    529.2      0.0      0.0 0.657E-02 0.993E+00 0.203E-03 0.000E+00 0.000E+00    0.00     8.01      69.9   290.2   284.7     1.149     1.164    48.8   95100.1 0.000E+00 0.000E+00
 208    535.4    535.4      0.0      0.0 0.647E-02 0.993E+00 0.200E-03 0.000E+00 0.000E+00    0.00     7.98      70.6   290.0   284.7     1.149     1.163    49.6   95029.0 0.000E+00 0.000E+00
 209    541.6    541.6      0.0      0.0 0.637E-02 0.993E+00 0.197E-03 0.000E+00 0.000E+00    0.00     7.94      71.3   289.9   284.6     1.149     1.163    50.4   94958.2 0.000E+00 0.000E+00
 210    547.8    547.8      0.0      0.0 0.627E-02 0.994E+00 0.194E-03 0.000E+00 0.000E+00    0.00     7.91      72.1   289.7   284.6     1.148     1.162    51.2   94887.8 0.000E+00 0.000E+00
 211    554.0    554.0      0.0      0.0 0.617E-02 0.994E+00 0.191E-03 0.000E+00 0.000E+00    0.00     7.88      72.8   289.6   284.5     1.148     1.161    51.9   94817.7 0.000E+00 0.000E+00
 212    560.1    560.1      0.0      0.0 0.608E-02 0.994E+00 0.188E-03 0.000E+00 0.000E+00    0.00     7.85      73.5   289.5   284.5     1.147     1.160    52.7   94748.0 0.000E+00 0.000E+00
 213    566.2    566.2      0.0      0.0 0.599E-02 0.994E+00 0.185E-03 0.000E+00 0.000E+00    0.00     7.81      74.2   289.3   284.5     1.147     1.160    53.5   94678.6 0.000E+00 0.000E+00
 214    572.2    572.2      0.0      0.0 0.590E-02 0.994E+00 0.182E-03 0.000E+00 0.000E+00    0.00     7.78      75.0   289.2   284.4     1.147     1.159    54.3   94609.5 0.000E+00 0.000E+00
 215    578.3    578.3      0.0      0.0 0.581E-02 0.994E+00 0.180E-03 0.000E+00 0.000E+00    0.00     7.75      75.7   289.1   284.4     1.146     1.158    55.1   94540.8 0.000E+00 0.000E+00
 216    584.3    584.3      0.0      0.0 0.573E-02 0.994E+00 0.177E-03 0.000E+00 0.000E+00    0.00     7.72      76.4   288.9   284.4     1.146     1.158    55.8   94472.3 0.000E+00 0.000E+00
 217    590.3    590.3      0.0      0.0 0.565E-02 0.994E+00 0.175E-03 0.000E+00 0.000E+00    0.00     7.69      77.1   288.8   284.3     1.145     1.157    56.6   94404.3 0.000E+00 0.000E+00
 218    596.3    596.3      0.0      0.0 0.557E-02 0.994E+00 0.172E-03 0.000E+00 0.000E+00    0.00     7.66      77.8   288.7   284.3     1.145     1.156    57.4   94336.5 0.000E+00 0.000E+00
 219    602.2    602.2      0.0      0.0 0.549E-02 0.994E+00 0.170E-03 0.000E+00 0.000E+00    0.00     7.63      78.5   288.6   284.2     1.144     1.156    58.2   94269.0 0.000E+00 0.000E+00
 220    608.2    608.2      0.0      0.0 0.542E-02 0.994E+00 0.168E-03 0.000E+00 0.000E+00    0.00     7.60      79.2   288.5   284.2     1.144     1.155    59.0   94201.9 0.000E+00 0.000E+00
 221    614.1    614.1      0.0      0.0 0.535E-02 0.994E+00 0.165E-03 0.000E+00 0.000E+00    0.00     7.57      79.9   288.3   284.2     1.144     1.154    59.7   94135.0 0.000E+00 0.000E+00
 222    619.9    619.9      0.0      0.0 0.528E-02 0.995E+00 0.163E-03 0.000E+00 0.000E+00    0.00     7.54      80.6   288.2   284.1     1.143     1.154    60.5   94068.5 0.000E+00 0.000E+00
 223    625.8    625.8      0.0      0.0 0.521E-02 0.995E+00 0.161E-03 0.000E+00 0.000E+00    0.00     7.51      81.3   288.1   284.1     1.143     1.153    61.3   94002.2 0.000E+00 0.000E+00
 224    631.6    631.6      0.0      0.0 0.514E-02 0.995E+00 0.159E-03 0.000E+00 0.000E+00    0.00     7.48      82.0   288.0   284.0     1.142     1.152    62.1   93936.3 0.000E+00 0.000E+00
 225    637.4    637.4      0.0      0.0 0.508E-02 0.995E+00 0.157E-03 0.000E+00 0.000E+00    0.00     7.45      82.7   287.9   284.0     1.142     1.152    62.8   93870.7 0.000E+00 0.000E+00
 226    643.2    643.2      0.0      0.0 0.501E-02 0.995E+00 0.155E-03 0.000E+00 0.000E+00    0.00     7.42      83.4   287.8   284.0     1.141     1.151    63.6   93805.3 0.000E+00 0.000E+00
 227    649.0    649.0      0.0      0.0 0.495E-02 0.995E+00 0.153E-03 0.000E+00 0.000E+00    0.00     7.40      84.1   287.7   283.9     1.141     1.150    64.4   93740.3 0.000E+00 0.000E+00
 228    654.7    654.7      0.0      0.0 0.489E-02 0.995E+00 0.151E-03 0.000E+00 0.000E+00    0.00     7.37      84.8   287.6   283.9     1.140     1.150    65.2   93675.5 0.000E+00 0.000E+00
 229    660.4    660.4      0.0      0.0 0.483E-02 0.995E+00 0.149E-03 0.000E+00 0.000E+00    0.00     7.34      85.5   287.5   283.9     1.140     1.149    66.0   93611.0 0.000E+00 0.000E+00
 230    666.1    666.1      0.0      0.0 0.477E-02 0.995E+00 0.148E-03 0.000E+00 0.000E+00    0.00     7.31      86.2   287.4   283.8     1.140     1.149    66.7   93546.9 0.000E+00 0.000E+00
 231    671.8    671.8      0.0      0.0 0.472E-02 0.995E+00 0.146E-03 0.000E+00 0.000E+00    0.00     7.28      86.9   287.3   283.8     1.139     1.148    67.5   93482.9 0.000E+00 0.000E+00
 232    677.5    677.5      0.0      0.0 0.466E-02 0.995E+00 0.144E-03 0.000E+00 0.000E+00    0.00     7.26      87.6   287.2   283.7     1.139     1.147    68.3   93419.3 0.000E+00 0.000E+00
 233    683.1    683.1      0.0      0.0 0.461E-02 0.995E+00 0.142E-03 0.000E+00 0.000E+00    0.00     7.23      88.3   287.1   283.7     1.138     1.147    69.1   93356.0 0.000E+00 0.000E+00
 234    688.7    688.7      0.0      0.0 0.455E-02 0.995E+00 0.141E-03 0.000E+00 0.000E+00    0.00     7.20      89.0   287.0   283.7     1.138     1.146    69.8   93292.9 0.000E+00 0.000E+00
 235    694.3    694.3      0.0      0.0 0.450E-02 0.995E+00 0.139E-03 0.000E+00 0.000E+00    0.00     7.17      89.7   286.9   283.6     1.137     1.145    70.6   93230.1 0.000E+00 0.000E+00
 236    699.9    699.9      0.0      0.0 0.445E-02 0.995E+00 0.138E-03 0.000E+00 0.000E+00    0.00     7.15      90.4   286.8   283.6     1.137     1.145    71.4   93167.6 0.000E+00 0.000E+00
 237    705.4    705.4      0.0      0.0 0.440E-02 0.995E+00 0.136E-03 0.000E+00 0.000E+00    0.00     7.12      91.1   286.7   283.6     1.136     1.144    72.2   93105.3 0.000E+00 0.000E+00
 238    710.9    710.9      0.0      0.0 0.436E-02 0.996E+00 0.135E-03 0.000E+00 0.000E+00    0.00     7.09      91.8   286.6   283.5     1.136     1.143    73.0   93043.3 0.000E+00 0.000E+00
 239    716.4    716.4      0.0      0.0 0.431E-02 0.996E+00 0.133E-03 0.000E+00 0.000E+00    0.00     7.07      92.5   286.6   283.5     1.135     1.143    73.7   92981.6 0.000E+00 0.000E+00
 240    721.9    721.9      0.0      0.0 0.426E-02 0.996E+00 0.132E-03 0.000E+00 0.000E+00    0.00     7.04      93.2   286.5   283.5     1.135     1.142    74.5   92920.1 0.000E+00 0.000E+00
 241    727.4    727.4      0.0      0.0 0.422E-02 0.996E+00 0.130E-03 0.000E+00 0.000E+00    0.00     7.02      93.8   286.4   283.4     1.135     1.142    75.3   92858.9 0.000E+00 0.000E+00
 242    732.8    732.8      0.0      0.0 0.417E-02 0.996E+00 0.129E-03 0.000E+00 0.000E+00    0.00     6.99      94.5   286.3   283.4     1.134     1.141    76.1   92798.0 0.000E+00 0.000E+00
 243    738.2    738.2      0.0      0.0 0.413E-02 0.996E+00 0.128E-03 0.000E+00 0.000E+00    0.00     6.96      95.2   286.2   283.4     1.134     1.140    76.8   92737.3 0.000E+00 0.000E+00
 244    743.6    743.6      0.0      0.0 0.409E-02 0.996E+00 0.126E-03 0.000E+00 0.000E+00    0.00     6.94      95.9   286.1   283.3     1.133     1.140    77.6   92676.9 0.000E+00 0.000E+00
 245    749.0    749.0      0.0      0.0 0.405E-02 0.996E+00 0.125E-03 0.000E+00 0.000E+00    0.00     6.91      96.6   286.0   283.3     1.133     1.139    78.4   92616.8 0.000E+00 0.000E+00
 246    754.4    754.4      0.0      0.0 0.401E-02 0.996E+00 0.124E-03 0.000E+00 0.000E+00    0.00     6.89      97.3   286.0   283.2     1.132     1.139    79.2   92556.8 0.000E+00 0.000E+00
 247    759.7    759.7      0.0      0.0 0.397E-02 0.996E+00 0.123E-03 0.000E+00 0.000E+00    0.00     6.86      98.0   285.9   283.2     1.132     1.138    79.9   92497.2 0.000E+00 0.000E+00
 248    765.0    765.0      0.0      0.0 0.393E-02 0.996E+00 0.122E-03 0.000E+00 0.000E+00    0.00     6.84      98.6   285.8   283.2     1.131     1.137    80.7   92437.8 0.000E+00 0.000E+00
 249    770.3    770.3      0.0      0.0 0.389E-02 0.996E+00 0.120E-03 0.000E+00 0.000E+00    0.00     6.81      99.3   285.7   283.1     1.131     1.137    81.5   92378.7 0.000E+00 0.000E+00
 250    775.6    775.6      0.0      0.0 0.385E-02 0.996E+00 0.119E-03 0.000E+00 0.000E+00    0.00     6.78     100.0   285.7   283.1     1.130     1.136    82.3   92319.8 0.000E+00 0.000E+00
 251    780.9    780.9      0.0      0.0 0.382E-02 0.996E+00 0.118E-03 0.000E+00 0.000E+00    0.00     6.76     100.7   285.6   283.1     1.130     1.136    83.1   92261.1 0.000E+00 0.000E+00
 252    786.1    786.1      0.0      0.0 0.378E-02 0.996E+00 0.117E-03 0.000E+00 0.000E+00    0.00     6.73     101.4   285.5   283.0     1.130     1.135    83.8   92202.7 0.000E+00 0.000E+00
 253    791.4    791.4      0.0      0.0 0.375E-02 0.996E+00 0.116E-03 0.000E+00 0.000E+00    0.00     6.71     102.1   285.4   283.0     1.129     1.135    84.6   92144.6 0.000E+00 0.000E+00
 254    796.6    796.6      0.0      0.0 0.371E-02 0.996E+00 0.115E-03 0.000E+00 0.000E+00    0.00     6.68     102.7   285.4   283.0     1.129     1.134    85.4   92086.7 0.000E+00 0.000E+00
 255    801.7    801.7      0.0      0.0 0.368E-02 0.996E+00 0.114E-03 0.000E+00 0.000E+00    0.00     6.66     103.4   285.3   282.9     1.128     1.133    86.2   92029.0 0.000E+00 0.000E+00
 256    806.9    806.9      0.0      0.0 0.365E-02 0.996E+00 0.113E-03 0.000E+00 0.000E+00    0.00     6.64     104.1   285.2   282.9     1.128     1.133    86.9   91971.6 0.000E+00 0.000E+00
 257    812.1    812.1      0.0      0.0 0.361E-02 0.996E+00 0.112E-03 0.000E+00 0.000E+00    0.00     6.61     104.8   285.1   282.9     1.127     1.132    87.7   91914.4 0.000E+00 0.000E+00
 258    817.2    817.2      0.0      0.0 0.358E-02 0.996E+00 0.111E-03 0.000E+00 0.000E+00    0.00     6.59     105.5   285.1   282.8     1.127     1.132    88.5   91857.4 0.000E+00 0.000E+00
 259    822.3    822.3      0.0      0.0 0.355E-02 0.996E+00 0.110E-03 0.000E+00 0.000E+00    0.00     6.56     106.1   285.0   282.8     1.126     1.131    89.3   91800.7 0.000E+00 0.000E+00
 260    827.4    827.4      0.0      0.0 0.352E-02 0.996E+00 0.109E-03 0.000E+00 0.000E+00    0.00     6.54     106.8   284.9   282.8     1.126     1.131    90.0   91744.3 0.000E+00 0.000E+00
 261    832.5    832.5      0.0      0.0 0.349E-02 0.996E+00 0.108E-03 0.000E+00 0.000E+00    0.00     6.51     107.5   284.9   282.7     1.125     1.130    90.8   91688.1 0.000E+00 0.000E+00
 262    837.5    837.5      0.0      0.0 0.346E-02 0.996E+00 0.107E-03 0.000E+00 0.000E+00    0.00     6.49     108.2   284.8   282.7     1.125     1.129    91.6   91632.1 0.000E+00 0.000E+00
 263    842.5    842.5      0.0      0.0 0.343E-02 0.996E+00 0.106E-03 0.000E+00 0.000E+00    0.00     6.46     108.9   284.7   282.7     1.124     1.129    92.4   91576.3 0.000E+00 0.000E+00
 264    847.6    847.6      0.0      0.0 0.340E-02 0.996E+00 0.105E-03 0.000E+00 0.000E+00    0.00     6.44     109.5   284.7   282.6     1.124     1.128    93.2   91520.8 0.000E+00 0.000E+00
 265    852.6    852.6      0.0      0.0 0.338E-02 0.997E+00 0.104E-03 0.000E+00 0.000E+00    0.00     6.42     110.2   284.6   282.6     1.124     1.128    93.9   91465.5 0.000E+00 0.000E+00
 266    857.5    857.5      0.0      0.0 0.335E-02 0.997E+00 0.104E-03 0.000E+00 0.000E+00    0.00     6.39     110.9   284.5   282.6     1.123     1.127    94.7   91410.5 0.000E+00 0.000E+00
 267    862.5    862.5      0.0      0.0 0.332E-02 0.997E+00 0.103E-03 0.000E+00 0.000E+00    0.00     6.37     111.6   284.5   282.5     1.123     1.127    95.5   91355.7 0.000E+00 0.000E+00
 268    867.4    867.4      0.0      0.0 0.330E-02 0.997E+00 0.102E-03 0.000E+00 0.000E+00    0.00     6.34     112.3   284.4   282.5     1.122     1.126    96.3   91301.1 0.000E+00 0.000E+00
 269    872.3    872.3      0.0      0.0 0.327E-02 0.997E+00 0.101E-03 0.000E+00 0.000E+00    0.00     6.32     112.9   284.3   282.5     1.122     1.126    97.0   91246.7 0.000E+00 0.000E+00
 270    877.2    877.2      0.0      0.0 0.324E-02 0.997E+00 0.100E-03 0.000E+00 0.000E+00    0.00     6.30     113.6   284.3   282.4     1.121     1.125    97.8   91192.6 0.000E+00 0.000E+00
 271    882.1    882.1      0.0      0.0 0.322E-02 0.997E+00 0.996E-04 0.000E+00 0.000E+00    0.00     6.27     114.3   284.2   282.4     1.121     1.125    98.6   91138.7 0.000E+00 0.000E+00
 272    887.0    887.0      0.0      0.0 0.319E-02 0.997E+00 0.988E-04 0.000E+00 0.000E+00    0.00     6.25     115.0   284.2   282.4     1.120     1.124    99.4   91085.0 0.000E+00 0.000E+00
 273    891.8    891.8      0.0      0.0 0.317E-02 0.997E+00 0.981E-04 0.000E+00 0.000E+00    0.00     6.22     115.7   284.1   282.4     1.120     1.123   100.2   91031.6 0.000E+00 0.000E+00
 274    896.7    896.7      0.0      0.0 0.315E-02 0.997E+00 0.973E-04 0.000E+00 0.000E+00    0.00     6.20     116.3   284.0   282.3     1.120     1.123   100.9   90978.4 0.000E+00 0.000E+00
 275    901.5    901.5      0.0      0.0 0.312E-02 0.997E+00 0.966E-04 0.000E+00 0.000E+00    0.00     6.18     117.0   284.0   282.3     1.119     1.122   101.7   90925.4 0.000E+00 0.000E+00
 276    906.3    906.3      0.0      0.0 0.310E-02 0.997E+00 0.959E-04 0.000E+00 0.000E+00    0.00     6.15     117.7   283.9   282.3     1.119     1.122   102.5   90872.6 0.000E+00 0.000E+00
 277    911.1    911.1      0.0      0.0 0.308E-02 0.997E+00 0.952E-04 0.000E+00 0.000E+00    0.00     6.13     118.4   283.9   282.2     1.118     1.121   103.3   90820.1 0.000E+00 0.000E+00
 278    915.8    915.8      0.0      0.0 0.306E-02 0.997E+00 0.945E-04 0.000E+00 0.000E+00    0.00     6.11     119.1   283.8   282.2     1.118     1.121   104.0   90767.8 0.000E+00 0.000E+00
 279    920.6    920.6      0.0      0.0 0.303E-02 0.997E+00 0.938E-04 0.000E+00 0.000E+00    0.00     6.08     119.8   283.7   282.2     1.117     1.120   104.8   90715.7 0.000E+00 0.000E+00
 280    925.3    925.3      0.0      0.0 0.301E-02 0.997E+00 0.932E-04 0.000E+00 0.000E+00    0.00     6.06     120.4   283.7   282.1     1.117     1.120   105.6   90663.9 0.000E+00 0.000E+00
 281    930.0    930.0      0.0      0.0 0.299E-02 0.997E+00 0.925E-04 0.000E+00 0.000E+00    0.00     6.04     121.1   283.6   282.1     1.117     1.119   106.4   90612.2 0.000E+00 0.000E+00
 282    934.7    934.7      0.0      0.0 0.297E-02 0.997E+00 0.919E-04 0.000E+00 0.000E+00    0.00     6.01     121.8   283.6   282.1     1.116     1.119   107.1   90560.8 0.000E+00 0.000E+00
 283    939.3    939.3      0.0      0.0 0.295E-02 0.997E+00 0.912E-04 0.000E+00 0.000E+00    0.00     5.99     122.5   283.5   282.0     1.116     1.118   107.9   90509.6 0.000E+00 0.000E+00
 284    944.0    944.0      0.0      0.0 0.293E-02 0.997E+00 0.906E-04 0.000E+00 0.000E+00    0.00     5.97     123.2   283.5   282.0     1.115     1.118   108.7   90458.6 0.000E+00 0.000E+00
 285    948.6    948.6      0.0      0.0 0.291E-02 0.997E+00 0.900E-04 0.000E+00 0.000E+00    0.00     5.94     123.9   283.4   282.0     1.115     1.117   109.5   90407.9 0.000E+00 0.000E+00
 286    953.2    953.2      0.0      0.0 0.289E-02 0.997E+00 0.894E-04 0.000E+00 0.000E+00    0.00     5.92     124.5   283.4   282.0     1.114     1.117   110.3   90357.3 0.000E+00 0.000E+00
 287    957.8    957.8      0.0      0.0 0.287E-02 0.997E+00 0.888E-04 0.000E+00 0.000E+00    0.00     5.89     125.2   283.3   281.9     1.114     1.116   111.0   90307.0 0.000E+00 0.000E+00
 288    962.4    962.4      0.0      0.0 0.285E-02 0.997E+00 0.882E-04 0.000E+00 0.000E+00    0.00     5.87     125.9   283.2   281.9     1.113     1.116   111.8   90256.9 0.000E+00 0.000E+00
 289    966.9    966.9      0.0      0.0 0.283E-02 0.997E+00 0.877E-04 0.000E+00 0.000E+00    0.00     5.85     126.6   283.2   281.9     1.113     1.115   112.6   90207.1 0.000E+00 0.000E+00
 290    971.5    971.5      0.0      0.0 0.282E-02 0.997E+00 0.871E-04 0.000E+00 0.000E+00    0.00     5.82     127.3   283.1   281.8     1.113     1.115   113.4   90157.4 0.000E+00 0.000E+00
 291    976.0    976.0      0.0      0.0 0.280E-02 0.997E+00 0.865E-04 0.000E+00 0.000E+00    0.00     5.80     128.0   283.1   281.8     1.112     1.114   114.1   90108.0 0.000E+00 0.000E+00
 292    980.5    980.5      0.0      0.0 0.278E-02 0.997E+00 0.860E-04 0.000E+00 0.000E+00    0.00     5.78     128.7   283.0   281.8     1.112     1.114   114.9   90058.7 0.000E+00 0.000E+00
 293    985.0    985.0      0.0      0.0 0.276E-02 0.997E+00 0.855E-04 0.000E+00 0.000E+00    0.00     5.75     129.3   283.0   281.7     1.111     1.113   115.7   90009.7 0.000E+00 0.000E+00
 294    989.5    989.5      0.0      0.0 0.275E-02 0.997E+00 0.849E-04 0.000E+00 0.000E+00    0.00     5.73     130.0   282.9   281.7     1.111     1.113   116.5   89960.9 0.000E+00 0.000E+00
 295    993.9    993.9      0.0      0.0 0.273E-02 0.997E+00 0.844E-04 0.000E+00 0.000E+00    0.00     5.71     130.7   282.9   281.7     1.111     1.112   117.3   89912.4 0.000E+00 0.000E+00
 296    998.3    998.3      0.0      0.0 0.271E-02 0.997E+00 0.839E-04 0.000E+00 0.000E+00    0.00     5.68     131.4   282.8   281.7     1.110     1.112   118.0   89864.0 0.000E+00 0.000E+00
 297   1002.8   1002.8      0.0      0.0 0.270E-02 0.997E+00 0.834E-04 0.000E+00 0.000E+00    0.00     5.66     132.1   282.8   281.6     1.110     1.111   118.8   89815.9 0.000E+00 0.000E+00
 298   1007.2   1007.2      0.0      0.0 0.268E-02 0.997E+00 0.829E-04 0.000E+00 0.000E+00    0.00     5.64     132.8   282.7   281.6     1.109     1.111   119.6   89768.0 0.000E+00 0.000E+00
 299   1011.5   1011.5      0.0      0.0 0.266E-02 0.997E+00 0.824E-04 0.000E+00 0.000E+00    0.00     5.61     133.5   282.7   281.6     1.109     1.110   120.4   89720.2 0.000E+00 0.000E+00
 300   1015.9   1015.9      0.0      0.0 0.265E-02 0.997E+00 0.819E-04 0.000E+00 0.000E+00    0.00     5.59     134.2   282.6   281.5     1.108     1.110   121.2   89672.7 0.000E+00 0.000E+00
 301   1020.2   1020.2      0.0      0.0 0.263E-02 0.997E+00 0.814E-04 0.000E+00 0.000E+00    0.00     5.57     134.9   282.6   281.5     1.108     1.109   121.9   89625.5 0.000E+00 0.000E+00
 302   1024.6   1024.6      0.0      0.0 0.262E-02 0.997E+00 0.810E-04 0.000E+00 0.000E+00    0.00     5.55     135.6   282.5   281.5     1.108     1.109   122.7   89578.4 0.000E+00 0.000E+00
 303   1028.9   1028.9      0.0      0.0 0.260E-02 0.997E+00 0.805E-04 0.000E+00 0.000E+00    0.00     5.52     136.3   282.5   281.5     1.107     1.108   123.5   89531.5 0.000E+00 0.000E+00
 304   1033.2   1033.2      0.0      0.0 0.259E-02 0.997E+00 0.801E-04 0.000E+00 0.000E+00    0.00     5.50     137.0   282.4   281.4     1.107     1.108   124.3   89484.9 0.000E+00 0.000E+00
 305   1037.4   1037.4      0.0      0.0 0.257E-02 0.997E+00 0.796E-04 0.000E+00 0.000E+00    0.00     5.48     137.7   282.4   281.4     1.106     1.107   125.0   89438.5 0.000E+00 0.000E+00
 306   1041.7   1041.7      0.0      0.0 0.256E-02 0.997E+00 0.792E-04 0.000E+00 0.000E+00    0.00     5.45     138.4   282.3   281.4     1.106     1.107   125.8   89392.2 0.000E+00 0.000E+00
 307   1045.9   1045.9      0.0      0.0 0.255E-02 0.997E+00 0.787E-04 0.000E+00 0.000E+00    0.00     5.43     139.1   282.3   281.4     1.106     1.107   126.6   89346.2 0.000E+00 0.000E+00
 308   1050.2   1050.2      0.0      0.0 0.253E-02 0.997E+00 0.783E-04 0.000E+00 0.000E+00    0.00     5.41     139.8   282.2   281.3     1.105     1.106   127.4   89300.5 0.000E+00 0.000E+00
 309   1054.4   1054.4      0.0      0.0 0.252E-02 0.997E+00 0.779E-04 0.000E+00 0.000E+00    0.00     5.38     140.5   282.2   281.3     1.105     1.106   128.2   89254.9 0.000E+00 0.000E+00
 310   1058.5   1058.5      0.0      0.0 0.251E-02 0.997E+00 0.775E-04 0.000E+00 0.000E+00    0.00     5.36     141.2   282.2   281.3     1.104     1.105   128.9   89209.5 0.000E+00 0.000E+00
 311   1062.7   1062.7      0.0      0.0 0.249E-02 0.997E+00 0.771E-04 0.000E+00 0.000E+00    0.00     5.34     141.9   282.1   281.2     1.104     1.105   129.7   89164.4 0.000E+00 0.000E+00
 312   1066.8   1066.8      0.0      0.0 0.248E-02 0.997E+00 0.767E-04 0.000E+00 0.000E+00    0.00     5.31     142.6   282.1   281.2     1.104     1.104   130.5   89119.4 0.000E+00 0.000E+00
 313   1071.0   1071.0      0.0      0.0 0.247E-02 0.997E+00 0.763E-04 0.000E+00 0.000E+00    0.00     5.29     143.4   282.0   281.2     1.103     1.104   131.3   89074.7 0.000E+00 0.000E+00
 314   1075.1   1075.1      0.0      0.0 0.245E-02 0.997E+00 0.759E-04 0.000E+00 0.000E+00    0.00     5.27     144.1   282.0   281.2     1.103     1.103   132.1   89030.1 0.000E+00 0.000E+00
 315   1079.2   1079.2      0.0      0.0 0.244E-02 0.997E+00 0.755E-04 0.000E+00 0.000E+00    0.00     5.24     144.8   281.9   281.1     1.102     1.103   132.8   88985.8 0.000E+00 0.000E+00
 316   1083.3   1083.3      0.0      0.0 0.243E-02 0.997E+00 0.751E-04 0.000E+00 0.000E+00    0.00     5.22     145.5   281.9   281.1     1.102     1.103   133.6   88941.7 0.000E+00 0.000E+00
 317   1087.3   1087.3      0.0      0.0 0.242E-02 0.998E+00 0.747E-04 0.000E+00 0.000E+00    0.00     5.20     146.2   281.8   281.1     1.102     1.102   134.4   88897.8 0.000E+00 0.000E+00
 318   1091.4   1091.4      0.0      0.0 0.240E-02 0.998E+00 0.744E-04 0.000E+00 0.000E+00    0.00     5.17     146.9   281.8   281.1     1.101     1.102   135.2   88854.2 0.000E+00 0.000E+00
 319   1095.4   1095.4      0.0      0.0 0.239E-02 0.998E+00 0.740E-04 0.000E+00 0.000E+00    0.00     5.15     147.7   281.8   281.0     1.101     1.101   136.0   88810.7 0.000E+00 0.000E+00
 320   1099.4   1099.4      0.0      0.0 0.238E-02 0.998E+00 0.736E-04 0.000E+00 0.000E+00    0.00     5.13     148.4   281.7   281.0     1.101     1.101   136.7   88767.4 0.000E+00 0.000E+00
 321   1103.4   1103.4      0.0      0.0 0.237E-02 0.998E+00 0.733E-04 0.000E+00 0.000E+00    0.00     5.10     149.1   281.7   281.0     1.100     1.100   137.5   88724.4 0.000E+00 0.000E+00
 322   1107.3   1107.3      0.0      0.0 0.236E-02 0.998E+00 0.729E-04 0.000E+00 0.000E+00    0.00     5.08     149.8   281.6   281.0     1.100     1.100   138.3   88681.5 0.000E+00 0.000E+00
 323   1111.3   1111.3      0.0      0.0 0.235E-02 0.998E+00 0.726E-04 0.000E+00 0.000E+00    0.00     5.06     150.6   281.6   280.9     1.099     1.099   139.1   88638.9 0.000E+00 0.000E+00
 324   1115.2   1115.2      0.0      0.0 0.234E-02 0.998E+00 0.722E-04 0.000E+00 0.000E+00    0.00     5.03     151.3   281.5   280.9     1.099     1.099   139.9   88596.5 0.000E+00 0.000E+00
 325   1119.2   1119.2      0.0      0.0 0.233E-02 0.998E+00 0.719E-04 0.000E+00 0.000E+00    0.00     5.01     152.0   281.5   280.9     1.099     1.099   140.6   88554.3 0.000E+00 0.000E+00
 326   1123.1   1123.1      0.0      0.0 0.231E-02 0.998E+00 0.716E-04 0.000E+00 0.000E+00    0.00     4.98     152.8   281.5   280.9     1.098     1.098   141.4   88512.3 0.000E+00 0.000E+00
 327   1126.9   1126.9      0.0      0.0 0.230E-02 0.998E+00 0.713E-04 0.000E+00 0.000E+00    0.00     4.96     153.5   281.4   280.8     1.098     1.098   142.2   88470.5 0.000E+00 0.000E+00
 328   1130.8   1130.8      0.0      0.0 0.229E-02 0.998E+00 0.709E-04 0.000E+00 0.000E+00    0.00     4.94     154.2   281.4   280.8     1.098     1.097   143.0   88428.9 0.000E+00 0.000E+00
 329   1134.6   1134.6      0.0      0.0 0.228E-02 0.998E+00 0.706E-04 0.000E+00 0.000E+00    0.00     4.91     155.0   281.3   280.8     1.097     1.097   143.8   88387.5 0.000E+00 0.000E+00
 330   1138.5   1138.5      0.0      0.0 0.227E-02 0.998E+00 0.703E-04 0.000E+00 0.000E+00    0.00     4.89     155.7   281.3   280.7     1.097     1.097   144.5   88346.3 0.000E+00 0.000E+00
 331   1142.3   1142.3      0.0      0.0 0.226E-02 0.998E+00 0.700E-04 0.000E+00 0.000E+00    0.00     4.87     156.5   281.3   280.7     1.096     1.096   145.3   88305.4 0.000E+00 0.000E+00
 332   1146.1   1146.1      0.0      0.0 0.225E-02 0.998E+00 0.697E-04 0.000E+00 0.000E+00    0.00     4.84     157.2   281.2   280.7     1.096     1.096   146.1   88264.6 0.000E+00 0.000E+00
 333   1149.8   1149.8      0.0      0.0 0.224E-02 0.998E+00 0.694E-04 0.000E+00 0.000E+00    0.00     4.82     158.0   281.2   280.7     1.096     1.095   146.9   88224.1 0.000E+00 0.000E+00
 334   1153.6   1153.6      0.0      0.0 0.223E-02 0.998E+00 0.691E-04 0.000E+00 0.000E+00    0.00     4.80     158.7   281.1   280.7     1.095     1.095   147.7   88183.7 0.000E+00 0.000E+00
 335   1157.3   1157.3      0.0      0.0 0.222E-02 0.998E+00 0.688E-04 0.000E+00 0.000E+00    0.00     4.77     159.5   281.1   280.6     1.095     1.094   148.4   88143.6 0.000E+00 0.000E+00
 336   1161.0   1161.0      0.0      0.0 0.222E-02 0.998E+00 0.685E-04 0.000E+00 0.000E+00    0.00     4.75     160.2   281.1   280.6     1.095     1.094   149.2   88103.7 0.000E+00 0.000E+00
 337   1164.7   1164.7      0.0      0.0 0.221E-02 0.998E+00 0.682E-04 0.000E+00 0.000E+00    0.00     4.73     161.0   281.0   280.6     1.094     1.094   150.0   88064.0 0.000E+00 0.000E+00
 338   1168.4   1168.4      0.0      0.0 0.220E-02 0.998E+00 0.680E-04 0.000E+00 0.000E+00    0.00     4.70     161.8   281.0   280.6     1.094     1.093   150.8   88024.5 0.000E+00 0.000E+00
 339   1172.1   1172.1      0.0      0.0 0.219E-02 0.998E+00 0.677E-04 0.000E+00 0.000E+00    0.00     4.68     162.5   281.0   280.5     1.094     1.093   151.6   87985.2 0.000E+00 0.000E+00
 340   1175.7   1175.7      0.0      0.0 0.218E-02 0.998E+00 0.674E-04 0.000E+00 0.000E+00    0.00     4.65     163.3   280.9   280.5     1.093     1.092   152.3   87946.1 0.000E+00 0.000E+00
 341   1179.4   1179.4      0.0      0.0 0.217E-02 0.998E+00 0.671E-04 0.000E+00 0.000E+00    0.00     4.63     164.1   280.9   280.5     1.093     1.092   153.1   87907.2 0.000E+00 0.000E+00
 342   1183.0   1183.0      0.0      0.0 0.216E-02 0.998E+00 0.669E-04 0.000E+00 0.000E+00    0.00     4.61     164.8   280.8   280.5     1.093     1.092   153.9   87868.5 0.000E+00 0.000E+00
 343   1186.6   1186.6      0.0      0.0 0.215E-02 0.998E+00 0.666E-04 0.000E+00 0.000E+00    0.00     4.58     165.6   280.8   280.4     1.092     1.091   154.7   87830.1 0.000E+00 0.000E+00
 344   1190.1   1190.1      0.0      0.0 0.215E-02 0.998E+00 0.664E-04 0.000E+00 0.000E+00    0.00     4.56     166.4   280.8   280.4     1.092     1.091   155.5   87791.8 0.000E+00 0.000E+00
 345   1193.7   1193.7      0.0      0.0 0.214E-02 0.998E+00 0.661E-04 0.000E+00 0.000E+00    0.00     4.53     167.2   280.7   280.4     1.092     1.091   156.3   87753.8 0.000E+00 0.000E+00
 346   1197.2   1197.2      0.0      0.0 0.213E-02 0.998E+00 0.659E-04 0.000E+00 0.000E+00    0.00     4.51     168.0   280.7   280.4     1.091     1.090   157.0   87715.9 0.000E+00 0.000E+00
 347   1200.0   1200.0      0.0      0.0 0.212E-02 0.998E+00 0.657E-04 0.000E+00 0.000E+00    0.00     4.49     168.6   280.7   280.4     1.091     1.090   157.6   87686.4 0.000E+00 0.000E+00
 348   1202.9   1202.9      0.0      0.0 0.212E-02 0.998E+00 0.655E-04 0.000E+00 0.000E+00    0.00     4.47     169.3   280.6   280.3     1.091     1.090   158.3   87655.5 0.000E+00 0.000E+00
 349   1205.9   1205.9      0.0      0.0 0.211E-02 0.998E+00 0.653E-04 0.000E+00 0.000E+00    0.00     4.45     169.9   280.6   280.3     1.090     1.089   159.0   87623.6 0.000E+00 0.000E+00
 350   1208.9   1208.9      0.0      0.0 0.210E-02 0.998E+00 0.650E-04 0.000E+00 0.000E+00    0.00     4.43     170.6   280.6   280.3     1.090     1.089   159.7   87590.9 0.000E+00 0.000E+00
 351   1212.1   1212.1      0.0      0.0 0.210E-02 0.998E+00 0.648E-04 0.000E+00 0.000E+00    0.00     4.41     171.4   280.6   280.3     1.090     1.089   160.4   87557.5 0.000E+00 0.000E+00
 352   1215.2   1215.2      0.0      0.0 0.209E-02 0.998E+00 0.646E-04 0.000E+00 0.000E+00    0.00     4.39     172.1   280.5   280.3     1.089     1.088   161.1   87523.6 0.000E+00 0.000E+00
 353   1218.4   1218.4      0.0      0.0 0.208E-02 0.998E+00 0.644E-04 0.000E+00 0.000E+00    0.00     4.36     172.9   280.5   280.2     1.089     1.088   161.8   87489.4 0.000E+00 0.000E+00
 354   1221.7   1221.7      0.0      0.0 0.208E-02 0.998E+00 0.642E-04 0.000E+00 0.000E+00    0.00     4.34     173.6   280.5   280.2     1.089     1.088   162.6   87454.9 0.000E+00 0.000E+00
 355   1224.9   1224.9      0.0      0.0 0.207E-02 0.998E+00 0.640E-04 0.000E+00 0.000E+00    0.00     4.32     174.4   280.4   280.2     1.089     1.087   163.3   87420.2 0.000E+00 0.000E+00
 356   1228.2   1228.2      0.0      0.0 0.206E-02 0.998E+00 0.638E-04 0.000E+00 0.000E+00    0.00     4.29     175.2   280.4   280.2     1.088     1.087   164.1   87385.5 0.000E+00 0.000E+00
 357   1231.4   1231.4      0.0      0.0 0.205E-02 0.998E+00 0.635E-04 0.000E+00 0.000E+00    0.00     4.27     176.0   280.4   280.1     1.088     1.087   164.8   87350.7 0.000E+00 0.000E+00
 358   1234.7   1234.7      0.0      0.0 0.205E-02 0.998E+00 0.633E-04 0.000E+00 0.000E+00    0.00     4.25     176.8   280.3   280.1     1.088     1.086   165.6   87315.9 0.000E+00 0.000E+00
 359   1238.0   1238.0      0.0      0.0 0.204E-02 0.998E+00 0.631E-04 0.000E+00 0.000E+00    0.00     4.22     177.7   280.3   280.1     1.087     1.086   166.4   87281.2 0.000E+00 0.000E+00
 360   1241.2   1241.2      0.0      0.0 0.203E-02 0.998E+00 0.629E-04 0.000E+00 0.000E+00    0.00     4.20     178.5   280.3   280.1     1.087     1.085   167.1   87246.5 0.000E+00 0.000E+00
 361   1244.5   1244.5      0.0      0.0 0.203E-02 0.998E+00 0.627E-04 0.000E+00 0.000E+00    0.00     4.17     179.3   280.2   280.1     1.087     1.085   167.9   87212.0 0.000E+00 0.000E+00
 362   1247.7   1247.7      0.0      0.0 0.202E-02 0.998E+00 0.625E-04 0.000E+00 0.000E+00    0.00     4.15     180.2   280.2   280.0     1.086     1.085   168.7   87177.6 0.000E+00 0.000E+00
 363   1250.9   1250.9      0.0      0.0 0.201E-02 0.998E+00 0.623E-04 0.000E+00 0.000E+00    0.00     4.13     181.0   280.2   280.0     1.086     1.084   169.5   87143.3 0.000E+00 0.000E+00
 364   1254.1   1254.1      0.0      0.0 0.201E-02 0.998E+00 0.621E-04 0.000E+00 0.000E+00    0.00     4.10     181.9   280.1   280.0     1.086     1.084   170.2   87109.2 0.000E+00 0.000E+00
 365   1257.3   1257.3      0.0      0.0 0.200E-02 0.998E+00 0.619E-04 0.000E+00 0.000E+00    0.00     4.08     182.7   280.1   280.0     1.085     1.084   171.0   87075.2 0.000E+00 0.000E+00
 366   1260.5   1260.5      0.0      0.0 0.200E-02 0.998E+00 0.617E-04 0.000E+00 0.000E+00    0.00     4.05     183.6   280.1   280.0     1.085     1.083   171.8   87041.5 0.000E+00 0.000E+00
 367   1263.7   1263.7      0.0      0.0 0.199E-02 0.998E+00 0.615E-04 0.000E+00 0.000E+00    0.00     4.03     184.4   280.0   279.9     1.085     1.083   172.6   87007.9 0.000E+00 0.000E+00
 368   1266.8   1266.8      0.0      0.0 0.198E-02 0.998E+00 0.613E-04 0.000E+00 0.000E+00    0.00     4.00     185.3   280.0   279.9     1.084     1.083   173.4   86974.5 0.000E+00 0.000E+00
 369   1269.9   1269.9      0.0      0.0 0.198E-02 0.998E+00 0.612E-04 0.000E+00 0.000E+00    0.00     3.98     186.2   280.0   279.9     1.084     1.082   174.2   86941.3 0.000E+00 0.000E+00
 370   1273.0   1273.0      0.0      0.0 0.197E-02 0.998E+00 0.610E-04 0.000E+00 0.000E+00    0.00     3.95     187.1   279.9   279.9     1.084     1.082   174.9   86908.3 0.000E+00 0.000E+00
 371   1276.1   1276.1      0.0      0.0 0.197E-02 0.998E+00 0.608E-04 0.000E+00 0.000E+00    0.00     3.93     188.0   279.9   279.9     1.084     1.082   175.7   86875.4 0.000E+00 0.000E+00
 372   1279.2   1279.2      0.0      0.0 0.196E-02 0.998E+00 0.606E-04 0.000E+00 0.000E+00    0.00     3.90     188.9   279.9   279.8     1.083     1.081   176.5   86842.8 0.000E+00 0.000E+00
 373   1282.3   1282.3      0.0      0.0 0.195E-02 0.998E+00 0.604E-04 0.000E+00 0.000E+00    0.00     3.88     189.8   279.9   279.8     1.083     1.081   177.3   86810.4 0.000E+00 0.000E+00
 374   1285.3   1285.3      0.0      0.0 0.195E-02 0.998E+00 0.603E-04 0.000E+00 0.000E+00    0.00     3.85     190.7   279.8   279.8     1.083     1.081   178.1   86778.2 0.000E+00 0.000E+00
 375   1288.3   1288.3      0.0      0.0 0.194E-02 0.998E+00 0.601E-04 0.000E+00 0.000E+00    0.00     3.83     191.6   279.8   279.8     1.082     1.080   178.9   86746.2 0.000E+00 0.000E+00
 376   1291.3   1291.3      0.0      0.0 0.194E-02 0.998E+00 0.599E-04 0.000E+00 0.000E+00    0.00     3.80     192.5   279.8   279.8     1.082     1.080   179.7   86714.4 0.000E+00 0.000E+00
 377   1294.3   1294.3      0.0      0.0 0.193E-02 0.998E+00 0.598E-04 0.000E+00 0.000E+00    0.00     3.78     193.5   279.7   279.7     1.082     1.080   180.4   86682.8 0.000E+00 0.000E+00
 378   1297.3   1297.3      0.0      0.0 0.193E-02 0.998E+00 0.596E-04 0.000E+00 0.000E+00    0.00     3.75     194.4   279.7   279.7     1.082     1.079   181.2   86651.5 0.000E+00 0.000E+00
 379   1300.2   1300.2      0.0      0.0 0.192E-02 0.998E+00 0.594E-04 0.000E+00 0.000E+00    0.00     3.73     195.3   279.7   279.7     1.081     1.079   182.0   86620.3 0.000E+00 0.000E+00
 380   1303.1   1303.1      0.0      0.0 0.192E-02 0.998E+00 0.593E-04 0.000E+00 0.000E+00    0.00     3.70     196.3   279.7   279.7     1.081     1.079   182.8   86589.3 0.000E+00 0.000E+00
 381   1306.0   1306.0      0.0      0.0 0.191E-02 0.998E+00 0.591E-04 0.000E+00 0.000E+00    0.00     3.68     197.3   279.6   279.7     1.081     1.079   183.6   86558.6 0.000E+00 0.000E+00
 382   1308.9   1308.9      0.0      0.0 0.191E-02 0.998E+00 0.590E-04 0.000E+00 0.000E+00    0.00     3.65     198.2   279.6   279.6     1.080     1.078   184.4   86528.0 0.000E+00 0.000E+00
 383   1311.8   1311.8      0.0      0.0 0.190E-02 0.998E+00 0.588E-04 0.000E+00 0.000E+00    0.00     3.63     199.2   279.6   279.6     1.080     1.078   185.2   86497.7 0.000E+00 0.000E+00
 384   1314.6   1314.6      0.0      0.0 0.190E-02 0.998E+00 0.587E-04 0.000E+00 0.000E+00    0.00     3.60     200.2   279.5   279.6     1.080     1.078   186.0   86467.6 0.000E+00 0.000E+00
 385   1317.5   1317.5      0.0      0.0 0.189E-02 0.998E+00 0.585E-04 0.000E+00 0.000E+00    0.00     3.58     201.2   279.5   279.6     1.080     1.077   186.7   86437.7 0.000E+00 0.000E+00
 386   1320.3   1320.3      0.0      0.0 0.189E-02 0.998E+00 0.584E-04 0.000E+00 0.000E+00    0.00     3.55     202.2   279.5   279.6     1.079     1.077   187.5   86408.0 0.000E+00 0.000E+00
 387   1323.1   1323.1      0.0      0.0 0.188E-02 0.998E+00 0.582E-04 0.000E+00 0.000E+00    0.00     3.53     203.2   279.5   279.6     1.079     1.077   188.3   86378.5 0.000E+00 0.000E+00
 388   1325.8   1325.8      0.0      0.0 0.188E-02 0.998E+00 0.581E-04 0.000E+00 0.000E+00    0.00     3.50     204.2   279.4   279.5     1.079     1.076   189.1   86349.3 0.000E+00 0.000E+00
 389   1328.6   1328.6      0.0      0.0 0.187E-02 0.998E+00 0.579E-04 0.000E+00 0.000E+00    0.00     3.48     205.2   279.4   279.5     1.079     1.076   189.9   86320.2 0.000E+00 0.000E+00
 390   1331.3   1331.3      0.0      0.0 0.187E-02 0.998E+00 0.578E-04 0.000E+00 0.000E+00    0.00     3.45     206.2   279.4   279.5     1.078     1.076   190.7   86291.4 0.000E+00 0.000E+00
 391   1334.0   1334.0      0.0      0.0 0.186E-02 0.998E+00 0.577E-04 0.000E+00 0.000E+00    0.00     3.42     207.3   279.4   279.5     1.078     1.076   191.5   86262.7 0.000E+00 0.000E+00
 392   1336.7   1336.7      0.0      0.0 0.186E-02 0.998E+00 0.575E-04 0.000E+00 0.000E+00    0.00     3.40     208.3   279.3   279.5     1.078     1.075   192.3   86234.3 0.000E+00 0.000E+00
 393   1339.4   1339.4      0.0      0.0 0.186E-02 0.998E+00 0.574E-04 0.000E+00 0.000E+00    0.00     3.37     209.4   279.3   279.4     1.077     1.075   193.1   86206.1 0.000E+00 0.000E+00
 394   1342.1   1342.1      0.0      0.0 0.185E-02 0.998E+00 0.573E-04 0.000E+00 0.000E+00    0.00     3.35     210.5   279.3   279.4     1.077     1.075   193.8   86178.1 0.000E+00 0.000E+00
 395   1344.7   1344.7      0.0      0.0 0.185E-02 0.998E+00 0.571E-04 0.000E+00 0.000E+00    0.00     3.32     211.6   279.2   279.4     1.077     1.074   194.6   86150.4 0.000E+00 0.000E+00
 396   1347.3   1347.3      0.0      0.0 0.184E-02 0.998E+00 0.570E-04 0.000E+00 0.000E+00    0.00     3.29     212.6   279.2   279.4     1.077     1.074   195.4   86122.8 0.000E+00 0.000E+00
 397   1349.9   1349.9      0.0      0.0 0.184E-02 0.998E+00 0.569E-04 0.000E+00 0.000E+00    0.00     3.27     213.7   279.2   279.4     1.076     1.074   196.2   86095.4 0.000E+00 0.000E+00
 398   1352.5   1352.5      0.0      0.0 0.184E-02 0.998E+00 0.568E-04 0.000E+00 0.000E+00    0.00     3.24     214.9   279.2   279.4     1.076     1.074   197.0   86068.3 0.000E+00 0.000E+00
 399   1355.0   1355.0      0.0      0.0 0.183E-02 0.998E+00 0.566E-04 0.000E+00 0.000E+00    0.00     3.22     216.0   279.1   279.3     1.076     1.073   197.8   86041.4 0.000E+00 0.000E+00
 400   1357.6   1357.6      0.0      0.0 0.183E-02 0.998E+00 0.565E-04 0.000E+00 0.000E+00    0.00     3.19     217.1   279.1   279.3     1.076     1.073   198.6   86014.7 0.000E+00 0.000E+00
 401   1360.1   1360.1      0.0      0.0 0.182E-02 0.998E+00 0.564E-04 0.000E+00 0.000E+00    0.00     3.16     218.3   279.1   279.3     1.075     1.073   199.4   85988.2 0.000E+00 0.000E+00
 402   1362.6   1362.6      0.0      0.0 0.182E-02 0.998E+00 0.563E-04 0.000E+00 0.000E+00    0.00     3.14     219.4   279.1   279.3     1.075     1.072   200.2   85961.9 0.000E+00 0.000E+00
 403   1365.1   1365.1      0.0      0.0 0.182E-02 0.998E+00 0.562E-04 0.000E+00 0.000E+00    0.00     3.11     220.6   279.1   279.3     1.075     1.072   201.0   85935.9 0.000E+00 0.000E+00
 404   1367.5   1367.5      0.0      0.0 0.181E-02 0.998E+00 0.561E-04 0.000E+00 0.000E+00    0.00     3.09     221.8   279.0   279.3     1.075     1.072   201.8   85910.0 0.000E+00 0.000E+00
 405   1370.0   1370.0      0.0      0.0 0.181E-02 0.998E+00 0.560E-04 0.000E+00 0.000E+00    0.00     3.06     223.0   279.0   279.2     1.075     1.072   202.6   85884.4 0.000E+00 0.000E+00
 406   1372.4   1372.4      0.0      0.0 0.181E-02 0.998E+00 0.559E-04 0.000E+00 0.000E+00    0.00     3.03     224.2   279.0   279.2     1.074     1.071   203.3   85859.0 0.000E+00 0.000E+00
 407   1374.8   1374.8      0.0      0.0 0.180E-02 0.998E+00 0.557E-04 0.000E+00 0.000E+00    0.00     3.01     225.4   279.0   279.2     1.074     1.071   204.1   85833.8 0.000E+00 0.000E+00
 408   1377.1   1377.1      0.0      0.0 0.180E-02 0.998E+00 0.556E-04 0.000E+00 0.000E+00    0.00     2.98     226.7   278.9   279.2     1.074     1.071   204.9   85808.9 0.000E+00 0.000E+00
 409   1379.5   1379.5      0.0      0.0 0.180E-02 0.998E+00 0.555E-04 0.000E+00 0.000E+00    0.00     2.95     227.9   278.9   279.2     1.074     1.071   205.7   85784.1 0.000E+00 0.000E+00
 410   1381.8   1381.8      0.0      0.0 0.179E-02 0.998E+00 0.554E-04 0.000E+00 0.000E+00    0.00     2.93     229.2   278.9   279.2     1.073     1.070   206.5   85759.6 0.000E+00 0.000E+00
 411   1384.2   1384.2      0.0      0.0 0.179E-02 0.998E+00 0.553E-04 0.000E+00 0.000E+00    0.00     2.90     230.5   278.9   279.2     1.073     1.070   207.3   85735.3 0.000E+00 0.000E+00
 412   1386.5   1386.5      0.0      0.0 0.179E-02 0.998E+00 0.552E-04 0.000E+00 0.000E+00    0.00     2.87     231.8   278.8   279.1     1.073     1.070   208.1   85711.2 0.000E+00 0.000E+00
 413   1388.7   1388.7      0.0      0.0 0.178E-02 0.998E+00 0.551E-04 0.000E+00 0.000E+00    0.00     2.85     233.1   278.8   279.1     1.073     1.070   208.9   85687.3 0.000E+00 0.000E+00
 414   1391.0   1391.0      0.0      0.0 0.178E-02 0.998E+00 0.550E-04 0.000E+00 0.000E+00    0.00     2.82     234.4   278.8   279.1     1.073     1.069   209.7   85663.6 0.000E+00 0.000E+00
 415   1393.2   1393.2      0.0      0.0 0.178E-02 0.998E+00 0.550E-04 0.000E+00 0.000E+00    0.00     2.79     235.8   278.8   279.1     1.072     1.069   210.5   85640.2 0.000E+00 0.000E+00
 416   1395.4   1395.4      0.0      0.0 0.177E-02 0.998E+00 0.549E-04 0.000E+00 0.000E+00    0.00     2.76     237.2   278.8   279.1     1.072     1.069   211.3   85617.0 0.000E+00 0.000E+00
 417   1397.6   1397.6      0.0      0.0 0.177E-02 0.998E+00 0.548E-04 0.000E+00 0.000E+00    0.00     2.74     238.6   278.7   279.1     1.072     1.069   212.1   85594.0 0.000E+00 0.000E+00
 418   1399.8   1399.8      0.0      0.0 0.177E-02 0.998E+00 0.547E-04 0.000E+00 0.000E+00    0.00     2.71     240.0   278.7   279.1     1.072     1.069   212.9   85571.2 0.000E+00 0.000E+00
 419   1401.9   1401.9      0.0      0.0 0.177E-02 0.998E+00 0.546E-04 0.000E+00 0.000E+00    0.00     2.68     241.4   278.7   279.0     1.071     1.068   213.7   85548.6 0.000E+00 0.000E+00
 420   1404.1   1404.1      0.0      0.0 0.176E-02 0.998E+00 0.545E-04 0.000E+00 0.000E+00    0.00     2.66     242.8   278.7   279.0     1.071     1.068   214.5   85526.3 0.000E+00 0.000E+00
 421   1406.2   1406.2      0.0      0.0 0.176E-02 0.998E+00 0.544E-04 0.000E+00 0.000E+00    0.00     2.63     244.3   278.7   279.0     1.071     1.068   215.3   85504.2 0.000E+00 0.000E+00
 422   1408.3   1408.3      0.0      0.0 0.176E-02 0.998E+00 0.543E-04 0.000E+00 0.000E+00    0.00     2.60     245.8   278.6   279.0     1.071     1.068   216.1   85482.3 0.000E+00 0.000E+00
 423   1410.4   1410.4      0.0      0.0 0.175E-02 0.998E+00 0.543E-04 0.000E+00 0.000E+00    0.00     2.57     247.3   278.6   279.0     1.071     1.067   216.9   85460.6 0.000E+00 0.000E+00
 424   1412.4   1412.4      0.0      0.0 0.175E-02 0.998E+00 0.542E-04 0.000E+00 0.000E+00    0.00     2.55     248.9   278.6   279.0     1.070     1.067   217.7   85439.1 0.000E+00 0.000E+00
 425   1414.4   1414.4      0.0      0.0 0.175E-02 0.998E+00 0.541E-04 0.000E+00 0.000E+00    0.00     2.52     250.4   278.6   279.0     1.070     1.067   218.5   85417.9 0.000E+00 0.000E+00
 426   1416.4   1416.4      0.0      0.0 0.175E-02 0.998E+00 0.540E-04 0.000E+00 0.000E+00    0.00     2.49     252.0   278.6   278.9     1.070     1.067   219.3   85396.9 0.000E+00 0.000E+00
 427   1418.4   1418.4      0.0      0.0 0.174E-02 0.998E+00 0.539E-04 0.000E+00 0.000E+00    0.00     2.46     253.6   278.5   278.9     1.070     1.067   220.1   85376.1 0.000E+00 0.000E+00
 428   1420.4   1420.4      0.0      0.0 0.174E-02 0.998E+00 0.539E-04 0.000E+00 0.000E+00    0.00     2.44     255.3   278.5   278.9     1.070     1.066   220.9   85355.6 0.000E+00 0.000E+00
 429   1422.3   1422.3      0.0      0.0 0.174E-02 0.998E+00 0.538E-04 0.000E+00 0.000E+00    0.00     2.41     257.0   278.5   278.9     1.069     1.066   221.7   85335.2 0.000E+00 0.000E+00
 430   1424.3   1424.3      0.0      0.0 0.174E-02 0.998E+00 0.537E-04 0.000E+00 0.000E+00    0.00     2.38     258.6   278.5   278.9     1.069     1.066   222.5   85315.1 0.000E+00 0.000E+00
 431   1426.2   1426.2      0.0      0.0 0.173E-02 0.998E+00 0.537E-04 0.000E+00 0.000E+00    0.00     2.35     260.4   278.5   278.9     1.069     1.066   223.3   85295.2 0.000E+00 0.000E+00
 432   1428.0   1428.0      0.0      0.0 0.173E-02 0.998E+00 0.536E-04 0.000E+00 0.000E+00    0.00     2.32     262.1   278.5   278.9     1.069     1.066   224.1   85275.6 0.000E+00 0.000E+00
 433   1429.9   1429.9      0.0      0.0 0.173E-02 0.998E+00 0.535E-04 0.000E+00 0.000E+00    0.00     2.30     263.9   278.4   278.9     1.069     1.065   224.9   85256.1 0.000E+00 0.000E+00
 434   1431.7   1431.7      0.0      0.0 0.173E-02 0.998E+00 0.534E-04 0.000E+00 0.000E+00    0.00     2.27     265.7   278.4   278.8     1.069     1.065   225.7   85236.9 0.000E+00 0.000E+00
 435   1433.6   1433.6      0.0      0.0 0.173E-02 0.998E+00 0.534E-04 0.000E+00 0.000E+00    0.00     2.24     267.6   278.4   278.8     1.068     1.065   226.5   85218.0 0.000E+00 0.000E+00
 436   1435.3   1435.3      0.0      0.0 0.172E-02 0.998E+00 0.533E-04 0.000E+00 0.000E+00    0.00     2.21     269.5   278.4   278.8     1.068     1.065   227.3   85199.2 0.000E+00 0.000E+00
 437   1437.1   1437.1      0.0      0.0 0.172E-02 0.998E+00 0.533E-04 0.000E+00 0.000E+00    0.00     2.18     271.4   278.4   278.8     1.068     1.065   228.1   85180.7 0.000E+00 0.000E+00
 438   1438.9   1438.9      0.0      0.0 0.172E-02 0.998E+00 0.532E-04 0.000E+00 0.000E+00    0.00     2.15     273.4   278.4   278.8     1.068     1.064   229.0   85162.4 0.000E+00 0.000E+00
 439   1440.6   1440.6      0.0      0.0 0.172E-02 0.998E+00 0.531E-04 0.000E+00 0.000E+00    0.00     2.13     275.4   278.3   278.8     1.068     1.064   229.8   85144.3 0.000E+00 0.000E+00
 440   1442.3   1442.3      0.0      0.0 0.172E-02 0.998E+00 0.531E-04 0.000E+00 0.000E+00    0.00     2.10     277.4   278.3   278.8     1.068     1.064   230.6   85126.5 0.000E+00 0.000E+00
 441   1444.0   1444.0      0.0      0.0 0.171E-02 0.998E+00 0.530E-04 0.000E+00 0.000E+00    0.00     2.07     279.5   278.3   278.8     1.067     1.064   231.4   85108.9 0.000E+00 0.000E+00
 442   1445.7   1445.7      0.0      0.0 0.171E-02 0.998E+00 0.530E-04 0.000E+00 0.000E+00    0.00     2.04     281.7   278.3   278.8     1.067     1.064   232.2   85091.5 0.000E+00 0.000E+00
 443   1447.3   1447.3      0.0      0.0 0.171E-02 0.998E+00 0.529E-04 0.000E+00 0.000E+00    0.00     2.01     283.8   278.3   278.7     1.067     1.064   233.0   85074.3 0.000E+00 0.000E+00
 444   1448.9   1448.9      0.0      0.0 0.171E-02 0.998E+00 0.529E-04 0.000E+00 0.000E+00    0.00     1.98     286.1   278.3   278.7     1.067     1.063   233.8   85057.4 0.000E+00 0.000E+00
 445   1450.5   1450.5      0.0      0.0 0.171E-02 0.998E+00 0.528E-04 0.000E+00 0.000E+00    0.00     1.95     288.3   278.2   278.7     1.067     1.063   234.6   85040.7 0.000E+00 0.000E+00
 446   1452.1   1452.1      0.0      0.0 0.171E-02 0.998E+00 0.527E-04 0.000E+00 0.000E+00    0.00     1.92     290.7   278.2   278.7     1.067     1.063   235.4   85024.3 0.000E+00 0.000E+00
 447   1453.7   1453.7      0.0      0.0 0.170E-02 0.998E+00 0.527E-04 0.000E+00 0.000E+00    0.00     1.89     293.1   278.2   278.7     1.066     1.063   236.3   85008.0 0.000E+00 0.000E+00
 448   1455.2   1455.2      0.0      0.0 0.170E-02 0.998E+00 0.526E-04 0.000E+00 0.000E+00    0.00     1.87     295.5   278.2   278.7     1.066     1.063   237.1   84992.0 0.000E+00 0.000E+00
 449   1456.7   1456.7      0.0      0.0 0.170E-02 0.998E+00 0.526E-04 0.000E+00 0.000E+00    0.00     1.84     298.0   278.2   278.7     1.066     1.063   237.9   84976.3 0.000E+00 0.000E+00
 450   1458.2   1458.2      0.0      0.0 0.170E-02 0.998E+00 0.526E-04 0.000E+00 0.000E+00    0.00     1.81     300.6   278.2   278.7     1.066     1.062   238.7   84960.7 0.000E+00 0.000E+00
 451   1459.7   1459.7      0.0      0.0 0.170E-02 0.998E+00 0.525E-04 0.000E+00 0.000E+00    0.00     1.78     303.2   278.2   278.7     1.066     1.062   239.5   84945.5 0.000E+00 0.000E+00
 452   1461.1   1461.1      0.0      0.0 0.170E-02 0.998E+00 0.525E-04 0.000E+00 0.000E+00    0.00     1.75     305.9   278.1   278.7     1.066     1.062   240.3   84930.4 0.000E+00 0.000E+00
 453   1462.5   1462.5      0.0      0.0 0.169E-02 0.998E+00 0.524E-04 0.000E+00 0.000E+00    0.00     1.72     308.7   278.1   278.6     1.066     1.062   241.2   84915.6 0.000E+00 0.000E+00
 454   1463.9   1463.9      0.0      0.0 0.169E-02 0.998E+00 0.524E-04 0.000E+00 0.000E+00    0.00     1.69     311.5   278.1   278.6     1.066     1.062   242.0   84901.0 0.000E+00 0.000E+00
 455   1465.3   1465.3      0.0      0.0 0.169E-02 0.998E+00 0.523E-04 0.000E+00 0.000E+00    0.00     1.66     314.5   278.1   278.6     1.065     1.062   242.8   84886.6 0.000E+00 0.000E+00
 456   1466.7   1466.7      0.0      0.0 0.169E-02 0.998E+00 0.523E-04 0.000E+00 0.000E+00    0.00     1.63     317.5   278.1   278.6     1.065     1.061   243.6   84872.5 0.000E+00 0.000E+00
 457   1468.0   1468.0      0.0      0.0 0.169E-02 0.998E+00 0.523E-04 0.000E+00 0.000E+00    0.00     1.60     320.6   278.1   278.6     1.065     1.061   244.5   84858.6 0.000E+00 0.000E+00
 458   1469.3   1469.3      0.0      0.0 0.169E-02 0.998E+00 0.522E-04 0.000E+00 0.000E+00    0.00     1.57     323.8   278.1   278.6     1.065     1.061   245.3   84845.0 0.000E+00 0.000E+00
 459   1470.6   1470.6      0.0      0.0 0.169E-02 0.998E+00 0.522E-04 0.000E+00 0.000E+00    0.00     1.54     327.1   278.1   278.6     1.065     1.061   246.1   84831.6 0.000E+00 0.000E+00
 460   1471.9   1471.9      0.0      0.0 0.169E-02 0.998E+00 0.521E-04 0.000E+00 0.000E+00    0.00     1.51     330.5   278.0   278.6     1.065     1.061   246.9   84818.5 0.000E+00 0.000E+00
 461   1473.1   1473.1      0.0      0.0 0.168E-02 0.998E+00 0.521E-04 0.000E+00 0.000E+00    0.00     1.48     334.0   278.0   278.6     1.065     1.061   247.8   84805.5 0.000E+00 0.000E+00
 462   1474.3   1474.3      0.0      0.0 0.168E-02 0.998E+00 0.521E-04 0.000E+00 0.000E+00    0.00     1.45     337.6   278.0   278.6     1.065     1.061   248.6   84792.9 0.000E+00 0.000E+00
 463   1475.5   1475.5      0.0      0.0 0.168E-02 0.998E+00 0.520E-04 0.000E+00 0.000E+00    0.00     1.42     341.4   278.0   278.6     1.064     1.061   249.4   84780.4 0.000E+00 0.000E+00
 464   1476.7   1476.7      0.0      0.0 0.168E-02 0.998E+00 0.520E-04 0.000E+00 0.000E+00    0.00     1.39     345.3   278.0   278.6     1.064     1.060   250.3   84768.2 0.000E+00 0.000E+00
 465   1477.8   1477.8      0.0      0.0 0.168E-02 0.998E+00 0.520E-04 0.000E+00 0.000E+00    0.00     1.36     349.3   278.0   278.5     1.064     1.060   251.1   84756.3 0.000E+00 0.000E+00
 466   1479.0   1479.0      0.0      0.0 0.168E-02 0.998E+00 0.519E-04 0.000E+00 0.000E+00    0.00     1.32     353.5   278.0   278.5     1.064     1.060   252.0   84744.6 0.000E+00 0.000E+00
 467   1480.1   1480.1      0.0      0.0 0.168E-02 0.998E+00 0.519E-04 0.000E+00 0.000E+00    0.00     1.29     357.8   278.0   278.5     1.064     1.060   252.8   84733.1 0.000E+00 0.000E+00
 468   1481.1   1481.1      0.0      0.0 0.168E-02 0.998E+00 0.519E-04 0.000E+00 0.000E+00    0.00     1.26     362.3   278.0   278.5     1.064     1.060   253.6   84721.9 0.000E+00 0.000E+00
 469   1482.2   1482.2      0.0      0.0 0.168E-02 0.998E+00 0.519E-04 0.000E+00 0.000E+00    0.00     1.23     367.0   277.9   278.5     1.064     1.060   254.5   84710.9 0.000E+00 0.000E+00
 470   1483.2   1483.2      0.0      0.0 0.168E-02 0.998E+00 0.518E-04 0.000E+00 0.000E+00    0.00     1.20     371.9   277.9   278.5     1.064     1.060   255.3   84700.2 0.000E+00 0.000E+00
 471   1484.2   1484.2      0.0      0.0 0.168E-02 0.998E+00 0.518E-04 0.000E+00 0.000E+00    0.00     1.17     377.0   277.9   278.5     1.064     1.060   256.2   84689.7 0.000E+00 0.000E+00
 472   1485.2   1485.2      0.0      0.0 0.167E-02 0.998E+00 0.518E-04 0.000E+00 0.000E+00    0.00     1.14     382.3   277.9   278.5     1.063     1.060   257.1   84679.5 0.000E+00 0.000E+00
 473   1486.2   1486.2      0.0      0.0 0.167E-02 0.998E+00 0.518E-04 0.000E+00 0.000E+00    0.00     1.10     387.9   277.9   278.5     1.063     1.059   257.9   84669.5 0.000E+00 0.000E+00
 474   1487.1   1487.1      0.0      0.0 0.167E-02 0.998E+00 0.517E-04 0.000E+00 0.000E+00    0.00     1.07     393.8   277.9   278.5     1.063     1.059   258.8   84659.8 0.000E+00 0.000E+00
 475   1488.0   1488.0      0.0      0.0 0.167E-02 0.998E+00 0.517E-04 0.000E+00 0.000E+00    0.00     1.04     399.9   277.9   278.5     1.063     1.059   259.6   84650.3 0.000E+00 0.000E+00
 476   1488.9   1488.9      0.0      0.0 0.167E-02 0.998E+00 0.517E-04 0.000E+00 0.000E+00    0.00     1.01     406.4   277.9   278.5     1.063     1.059   260.5   84641.1 0.000E+00 0.000E+00
 477   1489.8   1489.8      0.0      0.0 0.167E-02 0.998E+00 0.517E-04 0.000E+00 0.000E+00    0.00     0.97     413.2   277.9   278.5     1.063     1.059   261.4   84632.2 0.000E+00 0.000E+00
 478   1490.6   1490.6      0.0      0.0 0.167E-02 0.998E+00 0.517E-04 0.000E+00 0.000E+00    0.00     0.94     420.4   277.9   278.5     1.063     1.059   262.2   84623.5 0.000E+00 0.000E+00
 479   1491.4   1491.4      0.0      0.0 0.167E-02 0.998E+00 0.516E-04 0.000E+00 0.000E+00    0.00     0.91     428.1   277.9   278.5     1.063     1.059   263.1   84615.0 0.000E+00 0.000E+00
 480   1492.2   1492.2      0.0      0.0 0.167E-02 0.998E+00 0.516E-04 0.000E+00 0.000E+00    0.00     0.88     436.2   277.8   278.5     1.063     1.059   264.0   84606.8 0.000E+00 0.000E+00
 481   1493.0   1493.0      0.0      0.0 0.167E-02 0.998E+00 0.516E-04 0.000E+00 0.000E+00    0.00     0.84     444.8   277.8   278.4     1.063     1.059   264.9   84598.9 0.000E+00 0.000E+00
 482   1493.7   1493.7      0.0      0.0 0.167E-02 0.998E+00 0.516E-04 0.000E+00 0.000E+00    0.00     0.81     454.0   277.8   278.4     1.063     1.059   265.8   84591.2 0.000E+00 0.000E+00
 483   1494.4   1494.4      0.0      0.0 0.167E-02 0.998E+00 0.516E-04 0.000E+00 0.000E+00    0.00     0.78     463.9   277.8   278.4     1.063     1.059   266.7   84583.8 0.000E+00 0.000E+00
 484   1495.1   1495.1      0.0      0.0 0.167E-02 0.998E+00 0.516E-04 0.000E+00 0.000E+00    0.00     0.74     474.6   277.8   278.4     1.063     1.058   267.6   84576.7 0.000E+00 0.000E+00
 485   1495.8   1495.8      0.0      0.0 0.167E-02 0.998E+00 0.516E-04 0.000E+00 0.000E+00    0.00     0.71     486.1   277.8   278.4     1.062     1.058   268.5   84569.8 0.000E+00 0.000E+00
 486   1496.4   1496.4      0.0      0.0 0.167E-02 0.998E+00 0.515E-04 0.000E+00 0.000E+00    0.00     0.67     498.7   277.8   278.4     1.062     1.058   269.4   84563.2 0.000E+00 0.000E+00
 487   1497.0   1497.0      0.0      0.0 0.167E-02 0.998E+00 0.515E-04 0.000E+00 0.000E+00    0.00     0.64     512.4   277.8   278.4     1.062     1.058   270.4   84556.9 0.000E+00 0.000E+00
 488   1497.6   1497.6      0.0      0.0 0.167E-02 0.998E+00 0.515E-04 0.000E+00 0.000E+00    0.00     0.60     527.5   277.8   278.4     1.062     1.058   271.3   84550.9 0.000E+00 0.000E+00
 489   1498.2   1498.2      0.0      0.0 0.167E-02 0.998E+00 0.515E-04 0.000E+00 0.000E+00    0.00     0.56     544.2   277.8   278.4     1.062     1.058   272.3   84545.1 0.000E+00 0.000E+00
 490   1498.7   1498.7      0.0      0.0 0.167E-02 0.998E+00 0.515E-04 0.000E+00 0.000E+00    0.00     0.53     562.9   277.8   278.4     1.062     1.058   273.2   84539.6 0.000E+00 0.000E+00
 491   1499.2   1499.2      0.0      0.0 0.167E-02 0.998E+00 0.515E-04 0.000E+00 0.000E+00    0.00     0.49     584.0   277.8   278.4     1.062     1.058   274.2   84534.4 0.000E+00 0.000E+00
 492   1499.7   1499.7      0.0      0.0 0.166E-02 0.998E+00 0.515E-04 0.000E+00 0.000E+00    0.00     0.45     608.3   277.8   278.4     1.062     1.058   275.2   84529.5 0.000E+00 0.000E+00
 493   1500.1   1500.1      0.0      0.0 0.166E-02 0.998E+00 0.515E-04 0.000E+00 0.000E+00    0.00     0.41     636.6   277.8   278.4     1.062     1.058   276.2   84524.9 0.000E+00 0.000E+00
 494   1500.5   1500.5      0.0      0.0 0.166E-02 0.998E+00 0.515E-04 0.000E+00 0.000E+00    0.00     0.37     670.2   277.8   278.4     1.062     1.058   277.3   84520.5 0.000E+00 0.000E+00
 495   1500.9   1500.9      0.0      0.0 0.166E-02 0.998E+00 0.515E-04 0.000E+00 0.000E+00    0.00     0.33     711.5   277.8   278.4     1.062     1.058   278.4   84516.5 0.000E+00 0.000E+00
 496   1501.3   1501.3      0.0      0.0 0.166E-02 0.998E+00 0.515E-04 0.000E+00 0.000E+00    0.00     0.29     764.1   277.8   278.4     1.062     1.058   279.6   84512.8 0.000E+00 0.000E+00
 497   1501.6   1501.6      0.0      0.0 0.166E-02 0.998E+00 0.515E-04 0.000E+00 0.000E+00    0.00     0.25     826.3   277.8   278.4     1.062     1.058   280.6   84509.9 0.000E+00 0.000E+00
 498   1501.8   1501.8      0.0      0.0 0.166E-02 0.998E+00 0.515E-04 0.000E+00 0.000E+00    0.00     0.20     904.4   277.8   278.4     1.062     1.058   281.7   84507.4 0.000E+00 0.000E+00
 499   1502.0   1502.0      0.0      0.0 0.166E-02 0.998E+00 0.515E-04 0.000E+00 0.000E+00    0.00     0.16    1009.8   277.8   278.4     1.062     1.058   282.8   84505.4 0.000E+00 0.000E+00
 500   1502.1   1502.1      0.0      0.0 0.166E-02 0.998E+00 0.515E-04 0.000E+00 0.000E+00    0.00     0.12    1167.9   277.8   278.4     1.062     1.058   283.8   84503.7 0.000E+00 0.000E+00
 501   1502.2   1502.2      0.0      0.0 0.166E-02 0.998E+00 0.515E-04 0.000E+00 0.000E+00    0.00     0.09    1398.6   277.8   278.4     1.062     1.058   284.8   84502.7 0.000E+00 0.000E+00
 502   1502.3   1502.3      0.0      0.0 0.166E-02 0.998E+00 0.515E-04 0.000E+00 0.000E+00    0.00     0.05    1784.0   277.8   278.4     1.062     1.058   285.7   84502.1 0.000E+00 0.000E+00
 503   1502.3   1502.3      0.0      0.0 0.166E-02 0.998E+00 0.515E-04 0.000E+00 0.000E+00    0.00     0.03    2324.8   277.8   278.4     1.062     1.058   286.2   84501.8 0.000E+00 0.000E+00
 504   1502.3   1502.3      0.0      0.0 0.166E-02 0.998E+00 0.515E-04 0.000E+00 0.000E+00    0.00     0.01    4084.5   277.8   278.4     1.062     1.058   286.8   84501.7 0.000E+00 0.000E+00
*********************************************************************************************************************************************************************************************
 stopped because uz<0
*********************************************************************************************************************************************************************************************
u(istep)<umin
                                   Maximum height =  1.502 km
                          Neutral buoyancy height =   1.12 km at step  325
                                         r at nbl =    152.03 m
                                         u at nbl =      5.01 m/s
                                       rho at nbl =1.0987 kg/m3
                                      Vdot at nbl =  0.3636E+06 m3/s
                                             mdot =  0.9586E+03, kg/s
                                      mdot_solids =  0.9299E+03, kg/s
              height calculated from Sparks curve =  1.303
height calculated from Mastin et al. (2009, eq. 1)=  1.587
Successful completion
