PRESS  HGT(MSL)  TEMP  DEWPT  WNDDIR  WNDSPEED
HPA  M  C  C  DEG  M/S
E Estimated surface height
  
827.7	1664.E	-15.45	-25.55	7	14
826.6	1674	-15.55	-25.55	7	13.8
825.4	1685	-15.65	-25.55	8	13.7
824.3	1695	-15.75	-25.55	8	13.5
823.4	1703	-15.75	-25.55	9	13.4
822.6	1711	-15.85	-25.55	9	13.4
821.7	1719	-15.85	-25.55	9	13.4
820.8	1727	-15.95	-25.65	9	13.4
820	1735	-16.05	-25.65	9	13.5
819.1	1742	-16.05	-25.65	9	13.5
818.2	1751	-16.15	-25.65	9	13.7
817.1	1761	-16.25	-25.65	9	13.8
816	1771	-16.35	-25.65	9	13.9
814.9	1781	-16.35	-25.75	8	14
813.7	1792	-16.45	-25.95	8	14.1
812.7	1802	-16.55	-25.95	8	14.2
811.9	1809	-16.65	-25.95	9	14.3
811	1817	-16.75	-25.95	9	14.3
810.1	1825	-16.75	-25.95	9	14.4
809.4	1832	-16.85	-26.05	9	14.4
808.7	1839	-16.85	-26.05	9	14.5
808	1846	-16.95	-26.05	9	14.5
807.1	1854	-17.05	-26.15	9	14.6
806.1	1863	-17.05	-26.15	9	14.6
804.9	1874	-17.15	-26.15	9	14.7
803.9	1883	-17.15	-26.15	8	14.8
803.1	1891	-17.15	-26.15	7	14.9
802.2	1900	-17.25	-26.15	7	15
801.2	1908	-17.25	-26.25	6	15.2
800.3	1917	-17.25	-26.25	4	15.3
799.4	1925	-17.25	-26.25	3	15.5
798.5	1934	-17.15	-26.15	2	15.6
797.5	1943	-16.95	-25.95	1	15.8
796.6	1952	-16.55	-25.85	1	15.9
795.7	1960	-16.35	-25.95	360	16.1
794.8	1969	-16.35	-26.05	359	16.2
793.9	1977	-16.35	-26.15	359	16.4
793.2	1984	-16.25	-26.25	358	16.5
792.4	1991	-16.25	-26.45	358	16.7
791.5	2000	-16.25	-26.45	358	16.9
790.6	2008	-16.25	-26.55	357	17
789.7	2017	-16.15	-26.45	357	17.1
788.8	2025	-16.05	-26.45	357	17.2
788.1	2033	-15.95	-26.65	357	17.3
787.5	2039	-15.85	-26.95	356	17.4
786.8	2045	-15.75	-27.15	356	17.5
785.9	2053	-15.75	-27.15	355	17.5
785	2062	-15.75	-27.05	354	17.6
784.2	2069	-15.75	-27.05	354	17.6
783.5	2077	-15.75	-26.95	353	17.6
782.6	2085	-15.65	-26.85	352	17.7
781.9	2092	-15.65	-26.85	352	17.7
781.1	2100	-15.55	-26.75	351	17.7
780	2110	-15.55	-26.65	351	17.7
778.9	2121	-15.65	-26.55	351	17.6
777.8	2131	-15.75	-26.65	351	17.5
776.9	2140	-15.85	-26.65	351	17.4
776	2149	-15.95	-26.75	351	17.2
775.3	2156	-15.95	-26.75	352	17
774.5	2164	-16.05	-26.75	352	16.7
773.5	2173	-16.05	-26.85	353	16.4
772.3	2185	-16.15	-26.85	354	16.1
771.3	2195	-16.15	-26.95	356	15.8
770.3	2204	-16.15	-27.05	357	15.6
769.3	2214	-16.15	-27.25	359	15.3
768.3	2224	-16.15	-27.45	360	15
767.4	2232	-16.15	-27.55	2	14.8
766.5	2242	-16.25	-27.65	3	14.6
765.5	2251	-16.25	-27.75	5	14.4
764.5	2262	-16.35	-27.95	6	14.2
763.4	2272	-16.35	-28.05	8	14
762.3	2283	-16.35	-28.25	9	13.8
761.4	2292	-16.35	-28.45	9	13.6
760.6	2300	-16.35	-28.55	10	13.4
759.7	2308	-16.45	-28.65	11	13.1
758.6	2319	-16.25	-28.85	11	12.9
757.4	2331	-16.15	-29.15	11	12.6
756.5	2341	-16.15	-29.35	12	12.4
755.8	2347	-16.15	-29.45	12	12.2
755.3	2352	-16.15	-29.45	12	12
754.6	2359	-16.05	-29.55	12	11.9
753.9	2366	-16.05	-29.55	13	11.9
753.2	2374	-15.95	-29.65	13	11.9
752.4	2381	-15.95	-29.65	14	11.9
751.7	2389	-15.95	-29.65	14	12
750.9	2396	-15.95	-29.75	14	12.2
750.3	2403	-16.05	-29.65	14	12.3
749.7	2409	-16.05	-29.65	14	12.5
749	2416	-16.05	-29.65	14	12.7
748.3	2422	-16.05	-29.65	13	12.9
747.6	2430	-16.05	-29.65	13	13
746.6	2440	-15.95	-29.75	13	13.2
745.5	2451	-15.85	-29.95	12	13.3
744.4	2461	-15.75	-30.15	12	13.4
743.5	2471	-15.75	-30.25	12	13.4
742.3	2483	-15.65	-30.35	12	13.5
741.2	2494	-15.55	-30.65	12	13.5
740.2	2504	-15.55	-30.85	13	13.5
739.3	2514	-15.65	-30.95	14	13.5
738.5	2522	-15.65	-31.05	15	13.5
737.7	2530	-15.55	-31.05	16	13.5
737	2537	-15.55	-31.15	18	13.5
736.3	2544	-15.45	-31.25	19	13.4
735.6	2551	-15.45	-31.45	20	13.4
734.8	2559	-15.45	-31.65	21	13.4
734.2	2566	-15.45	-31.75	22	13.4
733.5	2573	-15.55	-31.75	23	13.3
732.8	2580	-15.55	-31.85	23	13.3
732.1	2588	-15.65	-31.95	22	13.2
731.3	2596	-15.65	-31.95	22	13.2
730.4	2605	-15.75	-31.95	21	13.2
729.4	2615	-15.85	-32.05	20	13.2
728.3	2627	-15.95	-32.05	19	13.2
727.2	2638	-15.95	-32.15	18	13.2
726.3	2647	-16.05	-32.15	17	13.3
725.6	2654	-16.15	-32.15	15	13.4
724.9	2662	-16.15	-32.15	14	13.5
724.1	2671	-16.25	-31.95	13	13.5
723.2	2679	-16.25	-31.55	13	13.6
722.2	2690	-16.35	-31.55	12	13.6
721.2	2701	-16.35	-31.75	11	13.6
720.2	2711	-16.45	-31.85	11	13.6
719.3	2720	-16.55	-31.95	10	13.5
718.6	2728	-16.55	-31.95	10	13.3
717.9	2735	-16.65	-32.05	9	13
717	2744	-16.75	-32.15	9	12.7
715.9	2756	-16.75	-32.15	9	12.4
714.6	2770	-16.95	-32.15	8	12.1
713.5	2781	-17.05	-32.15	8	11.8
712.5	2791	-17.05	-32.25	7	11.5
711.5	2802	-17.15	-32.35	6	11.3
710.6	2812	-17.25	-32.45	6	11.1
709.8	2820	-17.35	-32.55	6	11
708.9	2830	-17.35	-32.65	5	11
708	2839	-17.35	-32.65	5	11
706.9	2850	-17.45	-32.65	5	11.2
705.9	2861	-17.55	-32.65	5	11.4
704.9	2872	-17.65	-32.65	5	11.7
703.8	2883	-17.75	-32.75	5	12
702.9	2894	-17.75	-32.75	5	12.4
701.9	2904	-17.85	-32.85	5	12.7
700.9	2914	-17.85	-33.05	6	13.1
699.9	2925	-17.85	-33.15	6	13.5
699	2935	-17.95	-33.25	6	13.8
698.1	2944	-17.95	-33.15	6	14.1
697.1	2955	-18.05	-33.15	6	14.4
695.8	2969	-18.15	-33.25	6	14.7
694.5	2983	-18.25	-33.25	6	14.9
693.5	2993	-18.35	-33.25	7	15
692.7	3002	-18.45	-33.15	7	15.1
691.9	3011	-18.45	-33.15	7	15.2
690.9	3022	-18.45	-33.05	7	15.2
689.8	3034	-18.35	-32.75	7	15.1
688.8	3045	-18.35	-32.55	7	15
687.6	3057	-18.35	-32.25	8	14.8
686.5	3070	-18.35	-32.25	8	14.6
685.2	3083	-18.35	-32.65	8	14.4
683.9	3098	-18.45	-33.05	9	14.2
682.7	3111	-18.45	-33.25	9	14
681.6	3123	-18.55	-33.35	10	13.8
680.5	3135	-18.55	-33.45	10	13.6
679.5	3146	-18.65	-33.45	10	13.5
678.6	3156	-18.65	-33.45	11	13.4
677.7	3165	-18.75	-33.45	11	13.3
676.6	3177	-18.75	-33.35	10	13.2
675.6	3189	-18.75	-33.35	10	13.2
674.5	3200	-18.85	-33.35	10	13.2
673.4	3212	-18.95	-33.35	10	13.2
672.4	3224	-18.95	-33.45	9	13.2
671.1	3238	-19.05	-33.35	9	13.2
669.9	3252	-19.15	-33.35	8	13.3
668.7	3265	-19.25	-33.65	8	13.3
667.5	3278	-19.35	-33.85	7	13.3
666.4	3290	-19.45	-33.85	6	13.4
665.3	3303	-19.55	-33.95	5	13.4
664.2	3316	-19.65	-34.15	5	13.4
662.9	3329	-19.75	-34.25	4	13.5
661.7	3343	-19.95	-34.25	3	13.6
660.4	3358	-20.05	-34.35	2	13.7
659.3	3370	-20.15	-34.35	1	13.8
658.3	3382	-20.15	-34.35	360	13.8
657.2	3394	-20.25	-34.35	359	13.9
656.1	3407	-20.35	-34.15	359	14
655	3419	-20.45	-34.05	358	14.1
653.9	3431	-20.45	-33.85	357	14.1
652.8	3444	-20.65	-33.65	357	14.1
651.8	3455	-20.65	-33.45	357	14.1
650.8	3466	-20.75	-33.25	357	14.2
649.7	3479	-20.85	-33.15	356	14.1
648.4	3493	-20.95	-32.95	357	14.1
647.1	3508	-21.05	-32.95	357	14.1
645.8	3523	-21.05	-32.95	357	14.1
644.8	3535	-21.15	-33.05	358	14.2
643.7	3547	-21.25	-33.05	358	14.2
642.4	3562	-21.35	-33.05	359	14.2
641.1	3577	-21.45	-33.05	359	14.2
639.7	3593	-21.55	-33.15	360	14.3
638.5	3606	-21.65	-33.25	360	14.3
637.4	3620	-21.75	-33.25	360	14.3
636.2	3633	-21.85	-33.35	1	14.2
635.1	3646	-21.95	-33.35	1	14.1
634	3659	-22.05	-33.45	1	14
632.8	3672	-22.15	-33.65	1	13.9
631.6	3687	-22.25	-33.75	1	13.7
630.3	3701	-22.35	-34.05	1	13.5
629.1	3715	-22.35	-34.45	1	13.3
628	3729	-22.45	-34.75	1	13
626.7	3744	-22.55	-34.95	360	12.8
625.4	3759	-22.65	-35.15	360	12.5
624.3	3772	-22.65	-35.15	360	12.3
623.3	3784	-22.75	-35.25	360	12
622.2	3796	-22.85	-35.35	359	11.8
621	3810	-22.95	-35.45	359	11.7
620	3823	-23.05	-35.55	359	11.5
618.9	3835	-23.15	-35.55	359	11.4
617.9	3848	-23.25	-35.65	358	11.3
616.8	3860	-23.35	-35.65	358	11.2
615.8	3873	-23.45	-35.75	358	11.1
614.8	3884	-23.45	-35.75	358	11.1
613.9	3895	-23.65	-35.85	357	11.1
612.9	3907	-23.65	-35.95	357	11
611.9	3919	-23.75	-36.15	357	11
610.8	3932	-23.85	-36.55	357	11
609.8	3945	-23.85	-36.95	357	11
608.9	3955	-23.95	-37.25	357	11
608	3966	-23.95	-37.45	358	11
606.9	3979	-24.05	-37.55	358	11
605.7	3994	-24.15	-37.55	358	11
604.6	4007	-24.25	-37.45	359	11
603.6	4018	-24.25	-37.25	359	11
602.7	4029	-24.35	-37.05	360	11
601.7	4041	-24.45	-37.05	360	11
600.8	4052	-24.55	-37.15	1	11
599.9	4063	-24.65	-37.25	1	11.1
599.1	4073	-24.75	-37.35	2	11.1
598.2	4084	-24.85	-37.35	2	11.2
597.4	4094	-24.85	-37.35	2	11.3
596.6	4104	-24.95	-37.25	2	11.4
595.7	4114	-25.05	-37.25	2	11.4
594.9	4124	-25.05	-37.25	1	11.5
594	4135	-25.15	-37.35	360	11.6
593.1	4146	-25.05	-37.45	359	11.7
592.1	4158	-25.05	-37.65	358	11.9
591.1	4171	-25.15	-37.85	358	12.1
590	4184	-25.25	-37.95	357	12.3
589	4196	-25.35	-38.05	356	12.5
588	4208	-25.45	-38.15	355	12.8
587.1	4219	-25.45	-38.15	355	13.1
586.5	4227	-25.55	-38.25	354	13.5
585.8	4236	-25.55	-38.35	354	13.8
584.9	4247	-25.55	-38.45	354	14.2
584	4259	-25.65	-38.55	355	14.6
583	4271	-25.75	-38.55	355	15
582.2	4281	-25.75	-38.55	355	15.4
581.5	4289	-25.85	-38.55	355	15.7
580.9	4297	-25.75	-38.55	356	15.9
580.1	4306	-25.75	-38.65	356	16.1
579.4	4316	-25.75	-38.85	357	16.2
578.7	4325	-25.85	-38.85	357	16.2
577.9	4334	-25.85	-38.95	358	16.2
577.2	4343	-25.95	-38.95	358	16.1
576.5	4352	-26.05	-39.05	359	16
575.6	4363	-26.05	-39.15	359	15.9
574.7	4374	-26.15	-39.25	360	15.8
573.9	4384	-26.25	-39.35	1	15.7
573.1	4395	-26.25	-39.45	2	15.6
572.1	4407	-26.35	-39.55	3	15.6
571.3	4418	-26.35	-39.75	3	15.7
570.5	4427	-26.45	-39.95	4	15.7
569.7	4437	-26.45	-40.05	4	15.8
568.9	4448	-26.55	-40.25	4	16
568.1	4458	-26.55	-40.55	4	16.1
567.4	4467	-26.45	-40.75	4	16.3
566.7	4476	-26.55	-40.75	4	16.4
566.1	4483	-26.55	-40.75	3	16.5
565.5	4491	-26.55	-40.75	2	16.6
564.5	4503	-26.55	-40.75	2	16.7
563.5	4516	-26.65	-40.75	1	16.7
562.5	4529	-26.65	-40.85	360	16.7
561.6	4541	-26.75	-40.85	359	16.7
560.7	4552	-26.85	-40.85	358	16.7
560	4562	-26.85	-40.85	358	16.6
559.2	4572	-26.85	-40.95	357	16.6
558.4	4582	-26.95	-41.05	356	16.6
557.6	4592	-27.05	-41.15	355	16.5
556.6	4605	-27.15	-41.15	354	16.6
555.6	4618	-27.25	-41.35	353	16.6
554.7	4629	-27.35	-41.35	353	16.6
553.9	4640	-27.35	-41.45	352	16.7
553.1	4650	-27.35	-41.45	351	16.8
552.2	4662	-27.45	-41.55	351	16.9
551.2	4676	-27.65	-41.65	351	17
550	4691	-27.75	-41.75	350	17.1
549.1	4704	-27.75	-41.75	350	17.3
548.3	4714	-27.85	-41.75	351	17.4
547.4	4725	-27.85	-41.75	351	17.6
546.6	4735	-27.85	-41.95	351	17.8
545.7	4747	-27.95	-42.05	352	18
545	4757	-28.05	-42.15	352	18.1
544.2	4767	-28.15	-42.25	352	18.3
543.3	4779	-28.25	-42.35	353	18.5
542.5	4790	-28.35	-42.45	353	18.6
541.8	4799	-28.35	-42.45	353	18.8
541.1	4808	-28.35	-42.65	353	18.9
540.3	4819	-28.45	-42.75	353	18.9
539.4	4831	-28.55	-42.85	353	19
538.6	4842	-28.65	-42.95	353	19
537.6	4855	-28.65	-43.05	353	19
536.4	4871	-28.85	-43.15	352	18.9
535.3	4886	-28.95	-43.15	352	18.9
534.3	4899	-29.05	-43.15	352	18.8
533.4	4911	-29.15	-43.25	352	18.8
532.4	4924	-29.25	-43.35	352	18.7
531.7	4934	-29.35	-43.35	352	18.7
531.1	4942	-29.45	-43.35	352	18.6
530.4	4951	-29.45	-43.45	352	18.6
529.7	4960	-29.55	-43.55	352	18.6
529	4970	-29.65	-43.65	352	18.6
528.2	4981	-29.75	-43.65	351	18.6
527.4	4991	-29.75	-43.75	351	18.6
526.7	5001	-29.85	-43.75	351	18.6
526	5011	-29.95	-43.85	351	18.6
525.3	5020	-29.95	-43.85	351	18.6
524.5	5030	-30.05	-43.95	350	18.6
523.7	5042	-30.05	-44.05	350	18.6
522.9	5053	-30.15	-44.15	350	18.7
522	5065	-30.25	-44.35	350	18.7
521.2	5076	-30.35	-44.45	350	18.8
520.3	5088	-30.55	-44.45	350	18.9
519.5	5100	-30.55	-44.45	350	19
518.7	5110	-30.65	-44.55	350	19.2
518	5120	-30.75	-44.65	350	19.4
517.2	5130	-30.85	-44.65	350	19.6
516.3	5143	-30.85	-44.75	350	19.9
515.5	5154	-30.85	-44.85	350	20.2
514.8	5163	-30.95	-44.85	350	20.5
514.2	5172	-30.95	-45.05	351	20.7
513.4	5183	-31.05	-45.35	351	21
512.4	5197	-31.15	-45.55	351	21.2
511.2	5213	-31.15	-45.85	351	21.4
510.3	5225	-31.25	-46.15	351	21.6
509.7	5233	-31.25	-46.35	352	21.7
509	5244	-31.35	-46.45	352	21.8
508.2	5255	-31.45	-46.55	352	21.8
507.5	5265	-31.45	-46.65	353	21.8
506.8	5274	-31.55	-46.65	353	21.7
506	5286	-31.65	-46.75	353	21.6
505.1	5299	-31.75	-46.85	354	21.5
504.3	5309	-31.85	-46.85	354	21.3
503.6	5319	-31.95	-46.85	355	21.2
502.9	5329	-32.05	-46.95	355	21
502	5341	-32.05	-46.95	356	20.9
501.2	5353	-32.15	-47.05	356	20.7
500.4	5364	-32.25	-47.15	357	20.6
499.8	5373	-32.35	-47.25	357	20.5
499.1	5382	-32.45	-47.25	358	20.5
498.3	5394	-32.45	-47.35	358	20.4
497.4	5407	-32.55	-47.35	359	20.4
496.5	5419	-32.65	-47.45	359	20.4
495.6	5432	-32.75	-47.45	360	20.4
494.8	5444	-32.85	-47.45	1	20.5
494.1	5453	-32.95	-47.55	1	20.5
493.3	5464	-32.95	-47.55	2	20.5
492.5	5477	-33.05	-47.65	2	20.6
491.8	5487	-33.15	-47.65	3	20.6
491.2	5495	-33.25	-47.65	3	20.6
490.5	5505	-33.35	-47.65	3	20.7
489.8	5514	-33.35	-47.75	3	20.7
489.1	5524	-33.45	-47.85	3	20.7
488.4	5535	-33.55	-47.95	2	20.8
487.5	5547	-33.65	-48.05	2	20.8
486.6	5561	-33.75	-48.15	1	20.8
485.8	5573	-33.75	-48.25	1	20.8
485	5584	-33.85	-48.45	360	20.9
484	5597	-33.95	-48.65	359	20.9
483.2	5610	-33.95	-48.75	359	20.9
482.6	5619	-34.05	-48.75	358	20.9
481.8	5630	-34.05	-48.85	357	20.9
481	5642	-34.15	-48.95	357	21
480.2	5653	-34.25	-49.15	357	20.9
479.6	5662	-34.25	-49.25	356	20.9
478.9	5672	-34.35	-49.35	356	20.9
478.1	5685	-34.45	-49.45	356	20.9
477.1	5699	-34.55	-49.55	356	20.8
476.2	5712	-34.65	-49.75	357	20.7
475.5	5722	-34.65	-49.85	357	20.7
475	5729	-34.75	-49.95	358	20.6
474.5	5737	-34.75	-49.95	358	20.5
473.7	5748	-34.85	-50.05	359	20.4
472.9	5761	-34.95	-50.15	359	20.3
472.1	5772	-35.05	-50.25	360	20.2
471.2	5786	-35.15	-50.35	360	20.1
470.2	5801	-35.25	-50.45	360	20.1
469.4	5812	-35.45	-50.55	1	20.1
468.7	5822	-35.55	-50.65	1	20.1
468	5833	-35.65	-50.65	1	20.1
467.1	5846	-35.75	-50.65	1	20.2
466.2	5860	-35.85	-50.75	1	20.2
465.2	5874	-36.05	-50.75	1	20.3
464.2	5889	-36.15	-50.85	1	20.4
463.4	5902	-36.25	-50.85	360	20.6
462.7	5913	-36.35	-50.95	360	20.7
462.1	5921	-36.35	-50.95	360	20.9
461.5	5930	-36.45	-51.05	359	21
460.8	5941	-36.55	-51.15	359	21.2
460	5952	-36.55	-51.35	359	21.4
459.2	5965	-36.55	-51.45	358	21.5
458.4	5977	-36.55	-51.75	358	21.7
457.6	5989	-36.55	-51.95	358	21.8
456.7	6003	-36.55	-52.25	358	21.9
455.8	6016	-36.75	-52.45	357	22
454.9	6030	-36.85	-52.65	357	22
453.9	6045	-36.95	-52.65	358	22
453.1	6058	-37.15	-52.65	358	22
452.3	6070	-37.25	-52.65	358	22
451.6	6080	-37.25	-52.65	358	22
451.1	6088	-37.35	-52.65	359	22
450.6	6096	-37.45	-52.65	359	21.9
449.9	6106	-37.45	-52.75	360	21.9
448.9	6121	-37.55	-52.85	360	21.9
447.8	6138	-37.55	-52.95	1	21.9
447.1	6149	-37.55	-53.15	1	21.9
446.4	6160	-37.65	-53.25	2	21.9
445.6	6172	-37.65	-53.35	2	21.9
445	6182	-37.75	-53.55	2	22
444.4	6191	-37.85	-53.65	2	22
443.8	6200	-37.85	-53.75	2	22
443.1	6211	-37.95	-53.85	2	22.1
442	6227	-38.05	-53.95	2	22.1
440.9	6245	-38.15	-54.05	2	22.2
440.2	6257	-38.25	-54.05	2	22.2
439.6	6266	-38.25	-54.05	2	22.2
439.1	6274	-38.35	-54.15	2	22.3
438.4	6284	-38.35	-54.15	1	22.3
437.7	6296	-38.45	-54.25	1	22.4
436.8	6310	-38.45	-54.35	1	22.5
436	6322	-38.55	-54.35	1	22.5
435.3	6333	-38.55	-54.55	1	22.6
434.6	6344	-38.65	-54.65	1	22.7
434.1	6352	-38.75	-54.65	1	22.7
433.5	6362	-38.75	-54.75	1	22.8
432.6	6376	-38.85	-54.95	1	22.8
431.6	6391	-38.95	-54.95	1	22.9
430.9	6402	-38.85	-55.15	1	23
430.3	6412	-38.85	-55.35	1	23
429.5	6425	-38.95	-55.45	2	23.1
428.8	6437	-38.95	-55.55	2	23.1
428.2	6446	-39.05	-55.65	2	23.2
427.7	6454	-39.05	-55.75	2	23.2
427.1	6464	-39.05	-55.85	3	23.3
426.4	6475	-39.05	-55.95	3	23.3
425.6	6487	-39.15	-56.05	4	23.4
424.7	6502	-39.15	-56.15	4	23.5
423.8	6516	-39.25	-56.35	5	23.6
423	6530	-39.25	-56.55	5	23.6
422.3	6541	-39.25	-56.85	5	23.7
421.6	6552	-39.25	-57.15	5	23.9
420.9	6564	-39.35	-57.55	6	24.1
420.2	6575	-39.35	-57.95	6	24.3
419.6	6585	-39.45	-58.25	6	24.5
419.1	6593	-39.45	-58.55	6	24.8
418.5	6603	-39.45	-58.85	6	25.1
417.8	6614	-39.55	-59.05	6	25.4
417.1	6626	-39.65	-59.25	6	25.8
416.4	6638	-39.75	-59.35	7	26.2
415.6	6650	-39.85	-59.55	7	26.6
415	6660	-39.85	-59.65	7	26.9
414.4	6670	-39.85	-59.85	7	27.3
413.7	6682	-39.95	-60.15	8	27.7
413	6693	-39.95	-60.45	8	28.1
412.4	6703	-40.05	-60.65	8	28.5
411.8	6713	-40.15	-60.85	9	28.9
411.1	6724	-40.15	-61.05	9	29.3
410.3	6737	-40.25	-61.15	10	29.7
409.6	6749	-40.25	-61.05	11	30.1
408.9	6761	-40.25	-60.95	11	30.5
408.1	6774	-40.25	-60.85	12	31
407.4	6787	-40.25	-60.75	12	31.5
406.6	6799	-40.25	-60.65	13	31.9
406.1	6808	-40.35	-60.55	13	32.4
405.6	6817	-40.35	-60.35	14	32.9
405	6826	-40.35	-60.15	14	33.3
404.4	6837	-40.35	-59.95	14	33.7
403.7	6849	-40.15	-59.65	14	34.1
403.1	6859	-40.15	-59.35	15	34.4
402.4	6870	-40.15	-59.05	15	34.7
401.6	6883	-40.05	-58.95	15	34.9
400.9	6897	-40.05	-58.95	16	35
400.2	6908	-40.15	-59.35	16	35.2
399.6	6917	-40.15	-59.75	16	35.2
399.1	6927	-40.25	-60.05	17	35.3
398.6	6935	-40.35	-60.25	17	35.3
398.1	6943	-40.35	-60.55	18	35.4
397.5	6954	-40.45	-60.75	19	35.4
396.7	6968	-40.45	-61.15	19	35.5
396	6980	-40.45	-61.55	20	35.5
395.4	6989	-40.45	-61.85	20	35.6
395	6997	-40.55	-62.05	21	35.7
394.5	7006	-40.55	-62.25	21	35.8
393.9	7016	-40.65	-62.35	22	36
393.1	7030	-40.75	-62.45	22	36.2
392.4	7043	-40.85	-62.55	22	36.3
391.8	7052	-40.85	-62.55	22	36.5
391.4	7059	-40.95	-62.55	22	36.7
391	7067	-40.95	-62.65	21	36.8
390.5	7076	-41.05	-62.65	21	37
389.9	7086	-41.15	-62.75	21	37.1
389.2	7098	-41.25	-62.85	21	37.3
388.4	7111	-41.25	-62.95	21	37.4
387.7	7123	-41.35	-63.05	20	37.4
386.9	7138	-41.45	-63.15	20	37.5
386	7153	-41.55	-63.25	20	37.5
385.3	7166	-41.65	-63.25	20	37.6
384.7	7176	-41.75	-63.35	19	37.6
384.2	7185	-41.85	-63.35	19	37.5
383.6	7195	-41.95	-63.35	19	37.5
383	7206	-42.05	-63.35	19	37.5
382.3	7219	-42.15	-63.35	19	37.5
381.5	7232	-42.25	-63.45	18	37.4
380.8	7245	-42.35	-63.55	18	37.4
380.2	7255	-42.45	-63.55	18	37.4
379.7	7264	-42.45	-63.55	18	37.3
379.2	7273	-42.55	-63.65	18	37.3
378.7	7283	-42.65	-63.65	18	37.2
378.1	7293	-42.75	-63.75	18	37.2
377.4	7305	-42.85	-63.75	18	37.2
376.7	7318	-42.95	-63.85	18	37.2
375.9	7332	-43.05	-63.85	18	37.2
375.1	7347	-43.15	-63.85	17	37.2
374.5	7358	-43.25	-63.75	17	37.2
374	7367	-43.35	-63.65	17	37.3
373.5	7375	-43.25	-63.55	17	37.3
373.1	7383	-43.25	-63.55	17	37.4
372.7	7391	-43.35	-63.65	17	37.4
372.2	7399	-43.35	-63.75	18	37.5
371.7	7409	-43.45	-63.75	18	37.5
371	7420	-43.55	-63.85	18	37.6
370.3	7434	-43.75	-63.95	18	37.6
369.5	7448	-43.85	-64.05	18	37.7
368.8	7461	-43.95	-64.15	18	37.7
368	7476	-44.05	-64.15	19	37.8
367.3	7489	-44.25	-64.25	19	37.8
366.7	7499	-44.35	-64.25	19	37.8
366.2	7508	-44.35	-64.25	19	37.9
365.7	7517	-44.35	-64.15	19	37.9
365.1	7528	-44.45	-64.15	19	38
364.3	7542	-44.65	-64.15	18	38
363.6	7556	-44.75	-64.15	18	38
363	7568	-44.85	-64.05	18	38
362.3	7579	-44.95	-63.95	18	38
361.7	7591	-45.05	-63.75	17	38
360.9	7605	-45.15	-63.55	17	38
360.1	7620	-45.15	-63.25	17	37.9
359.3	7635	-45.15	-63.05	17	37.9
358.6	7648	-45.15	-62.85	17	37.9
358.1	7658	-45.25	-62.75	17	37.8
357.5	7668	-45.35	-62.65	17	37.8
357	7678	-45.45	-62.55	17	37.8
356.4	7689	-45.45	-62.55	17	37.7
355.7	7703	-45.55	-62.45	18	37.7
354.9	7717	-45.65	-62.45	18	37.7
354.1	7732	-45.75	-62.45	18	37.6
353.4	7746	-45.85	-62.55	18	37.5
352.8	7756	-45.95	-62.55	18	37.5
352.3	7767	-46.05	-62.55	19	37.4
351.7	7778	-46.15	-62.55	19	37.3
351.2	7788	-46.25	-62.65	19	37.2
350.5	7800	-46.35	-62.75	19	37.1
349.7	7815	-46.45	-62.75	19	37
348.9	7831	-46.55	-62.65	19	37
348.2	7845	-46.65	-62.45	18	36.9
347.6	7855	-46.75	-62.35	18	36.9
347.1	7864	-46.85	-62.25	18	37
346.6	7874	-46.85	-62.15	18	37
346.2	7883	-46.95	-62.05	18	37.1
345.6	7894	-47.05	-62.05	18	37.2
344.8	7909	-47.15	-62.05	18	37.3
343.9	7926	-47.25	-62.15	18	37.4
343	7943	-47.35	-62.15	18	37.5
342.2	7959	-47.45	-62.05	18	37.6
341.7	7969	-47.55	-62.15	18	37.6
341.3	7977	-47.65	-62.15	18	37.7
340.8	7986	-47.65	-62.15	18	37.7
340.4	7994	-47.65	-62.15	18	37.7
339.9	8004	-47.65	-62.15	18	37.7
339.4	8014	-47.75	-62.25	18	37.6
338.8	8025	-47.95	-62.35	18	37.6
338.2	8037	-47.95	-62.35	18	37.5
337.5	8051	-48.05	-62.35	18	37.4
336.7	8067	-48.05	-62.35	18	37.3
335.9	8082	-48.05	-62.45	18	37.2
335.1	8098	-48.05	-62.55	18	37.1
334.4	8111	-48.15	-62.55	18	37
333.9	8122	-48.15	-62.65	18	36.9
333.3	8133	-48.15	-62.75	18	36.8
332.7	8145	-48.25	-62.75	18	36.8
332.1	8156	-48.25	-62.85	18	36.7
331.5	8168	-48.25	-62.95	17	36.7
330.8	8182	-48.35	-63.05	17	36.7
330	8198	-48.45	-63.25	17	36.7
329.5	8209	-48.55	-63.35	16	36.7
329.1	8217	-48.55	-63.35	16	36.8
328.6	8226	-48.65	-63.35	16	36.9
328.2	8235	-48.75	-63.45	15	37
327.5	8248	-48.75	-63.55	15	37.1
326.8	8262	-48.85	-63.55	15	37.3
326.2	8275	-48.95	-63.55	15	37.5
325.6	8286	-49.15	-63.65	14	37.6
325.2	8294	-49.25	-63.65	14	37.8
324.8	8302	-49.25	-63.65	14	38
324.4	8311	-49.25	-63.65	14	38.2
323.9	8321	-49.25	-63.65	14	38.5
323.3	8334	-49.35	-63.75	14	38.7
322.6	8347	-49.45	-63.75	14	38.9
321.9	8361	-49.55	-63.85	14	39.1
321.3	8373	-49.65	-63.85	14	39.3
320.7	8385	-49.75	-63.95	14	39.5
320	8400	-49.85	-63.95	14	39.7
319.3	8415	-49.85	-63.95	14	39.9
318.8	8426	-49.95	-63.95	14	40.1
318.3	8435	-50.05	-63.95	14	40.3
317.9	8444	-50.15	-63.95	14	40.4
317.4	8454	-50.15	-63.95	14	40.6
316.8	8466	-50.25	-64.05	14	40.7
316.2	8478	-50.35	-64.25	14	40.8
315.7	8488	-50.35	-64.35	14	40.9
315.3	8497	-50.45	-64.55	14	41
314.9	8506	-50.55	-64.65	14	41
314.4	8515	-50.65	-64.85	14	41
314	8525	-50.65	-64.95	14	40.9
313.4	8535	-50.75	-65.15	14	40.8
312.9	8547	-50.85	-65.15	14	40.6
312.3	8559	-50.75	-65.25	15	40.3
311.7	8573	-50.85	-65.25	15	40
311	8586	-50.85	-65.35	15	39.7
310.4	8598	-50.85	-65.35	15	39.3
309.8	8611	-50.95	-65.25	16	39
309.1	8625	-50.95	-65.25	16	38.6
308.4	8640	-50.95	-65.05	16	38.2
307.8	8653	-50.85	-64.95	16	37.8
307.3	8664	-50.95	-64.85	17	37.5
306.9	8673	-50.95	-64.75	17	37.1
306.5	8682	-51.05	-64.65	17	36.8
306.1	8690	-51.05	-64.65	17	36.6
305.6	8700	-51.05	-64.55	17	36.3
305.2	8710	-51.15	-64.55	16	36
304.6	8720	-51.25	-64.55	16	35.8
304.1	8732	-51.25	-64.45	16	35.6
303.5	8745	-51.25	-64.25	15	35.4
302.9	8759	-51.25	-64.05	15	35.2
302.2	8772	-51.25	-63.95	15	35
301.6	8786	-51.25	-63.75	15	34.8
301	8798	-51.25	-63.65	14	34.6
300.6	8808	-51.25	-63.45	14	34.4
300.2	8817	-51.15	-63.35	14	34.3
299.8	8826	-51.15	-63.15	14	34.2
299.4	8834	-51.05	-62.95	14	34.1
299	8843	-51.05	-62.75	14	34
298.5	8852	-51.05	-62.65	14	34
298	8863	-51.15	-62.65	14	33.9
297.5	8874	-51.25	-62.65	15	33.9
297	8885	-51.35	-62.75	15	33.8
296.5	8896	-51.45	-62.75	15	33.8
296	8908	-51.45	-62.65	15	33.8
295.5	8919	-51.45	-62.65	15	33.7
295	8930	-51.55	-62.65	15	33.7
294.4	8943	-51.65	-62.65	15	33.6
293.8	8957	-51.65	-62.75	15	33.6
293.1	8971	-51.65	-62.75	15	33.5
292.5	8984	-51.75	-62.85	15	33.5
292.1	8994	-51.75	-62.85	15	33.5
291.6	9005	-51.85	-62.95	15	33.4
291.2	9014	-51.95	-62.95	15	33.4
290.8	9022	-52.05	-62.95	15	33.4
290.4	9032	-52.05	-62.95	15	33.3
289.9	9042	-52.05	-62.95	15	33.3
289.5	9051	-52.15	-62.95	15	33.2
289.1	9061	-52.15	-62.95	15	33.1
288.6	9071	-52.15	-62.85	15	33
288.2	9082	-52.15	-62.85	15	32.9
287.7	9092	-52.15	-62.85	15	32.7
287.1	9105	-52.15	-62.85	15	32.6
286.6	9117	-52.25	-62.95	14	32.5
286	9129	-52.25	-63.05	14	32.3
285.5	9142	-52.35	-63.15	14	32.1
284.9	9155	-52.45	-63.15	14	32
284.3	9168	-52.45	-63.25	13	31.9
283.7	9182	-52.45	-63.25	13	31.7
283.3	9192	-52.55	-63.25	13	31.6
282.9	9201	-52.45	-63.25	13	31.5
282.5	9210	-52.45	-63.25	13	31.3
282.1	9220	-52.55	-63.25	12	31.2
281.7	9229	-52.55	-63.25	12	31
281.3	9238	-52.55	-63.35	12	30.8
280.8	9248	-52.55	-63.35	13	30.6
280.4	9258	-52.45	-63.35	13	30.3
279.9	9268	-52.45	-63.55	13	30.1
279.5	9278	-52.45	-63.65	13	29.8
279	9291	-52.45	-63.95	13	29.5
278.4	9304	-52.45	-64.35	13	29.2
277.8	9318	-52.55	-64.85	13	29
277.1	9333	-52.65	-65.35	13	28.7
276.5	9349	-52.75	-66.05	12	28.5
275.9	9362	-52.85	-66.65	12	28.3
275.5	9373	-52.95	-67.25	12	28.1
275	9383	-53.05	-67.75	11	28
274.6	9393	-53.15	-68.25	11	27.9
274.2	9402	-53.15	-68.75	10	27.8
273.8	9411	-53.25	-69.15	10	27.7
273.4	9421	-53.25	-69.55	9	27.6
273	9430	-53.45	-69.95	9	27.6
272.6	9440	-53.55	-70.45	8	27.5
272.2	9450	-53.55	-70.75	8	27.5
271.8	9460	-53.55	-71.15	7	27.4
271.3	9469	-53.55	-71.45	7	27.3
270.9	9480	-53.55	-71.85	6	27.2
270.5	9491	-53.45	-72.25	6	27.1
270	9501	-53.45	-72.65	5	27
269.5	9513	-53.35	-73.15	4	27
269	9525	-53.25	-73.45	4	26.9
268.4	9540	-53.15	-73.85	3	26.9
267.7	9557	-53.15	-74.35	3	26.9
267	9574	-53.15	-74.75	3	26.9
266.5	9586	-53.15	-75.15	2	27
266	9596	-53.25	-75.55	2	27.1
265.6	9607	-53.15	-75.95	2	27.2
265.2	9617	-53.15	-76.25	2	27.4
264.7	9629	-53.15	-76.45	2	27.5
264.3	9639	-53.15	-76.75	2	27.6
263.9	9649	-53.15	-76.95	2	27.7
263.4	9660	-53.15	-77.15	2	27.8
263	9671	-53.05	-77.25	2	27.9
262.6	9680	-53.05	-77.35	2	27.9
262.2	9691	-53.05	-77.45	2	27.9
261.8	9701	-53.05	-77.65	3	27.9
261.3	9712	-52.95	-77.75	3	27.9
260.9	9723	-52.85	-77.75	3	27.9
260.5	9733	-52.65	-77.85	3	27.8
260.1	9743	-52.55	-77.95	4	27.8
259.7	9752	-52.45	-78.15	4	27.7
259.3	9762	-52.45	-78.25	5	27.7
258.9	9773	-52.35	-78.45	5	27.6
258.4	9783	-52.25	-78.55	5	27.6
258	9793	-52.25	-78.65	6	27.6
257.7	9803	-52.25	-78.85	6	27.6
257.3	9813	-52.25	-78.95	6	27.6
256.8	9825	-52.25	-79.15	7	27.7
256.2	9839	-52.15	-79.25	7	27.7
255.7	9851	-52.05	-79.45	7	27.7
255.3	9863	-52.05	-79.55	7	27.8
254.8	9874	-52.05	-79.75	7	27.9
254.4	9885	-52.15	-79.95	7	28
253.9	9897	-52.25	-80.05	7	28.1
253.5	9909	-52.25	-80.25	7	28.2
253	9922	-52.35	-80.35	7	28.3
252.5	9934	-52.45	-80.55	7	28.4
252.1	9945	-52.45	-80.55	8	28.5
251.7	9956	-52.45	-80.65	8	28.6
251.2	9967	-52.25	-80.65	8	28.6
250.8	9978	-51.95	-80.65	8	28.6
250.4	9988	-51.75	-80.75	8	28.6
250	9998	-51.55	-80.75	8	28.6
249.6	10009	-51.25	-80.75	8	28.5
249.2	10020	-51.15	-80.75	8	28.4
248.8	10031	-50.95	-80.85	9	28.3
248.4	10041	-50.65	-80.95	9	28.1
248	10051	-50.55	-81.15	9	27.9
247.5	10063	-50.55	-81.35	9	27.6
247.1	10074	-50.65	-81.55	9	27.4
246.7	10085	-50.65	-81.85	9	27.1
246.3	10095	-50.65	-82.05	9	26.8
245.9	10106	-50.75	-82.25	9	26.5
245.5	10117	-50.85	-82.45	9	26.3
245.1	10128	-50.85	-82.65	8	26
244.7	10138	-50.85	-82.75	8	25.7
244.3	10148	-50.75	-82.85	8	25.5
243.9	10158	-50.65	-82.95	8	25.2
243.5	10169	-50.55	-83.15	7	24.9
243.2	10178	-50.55	-83.25	7	24.6
242.8	10188	-50.45	-83.25	6	24.3
242.5	10197	-50.45	-83.35	6	24
242.1	10208	-50.35	-83.45	5	23.7
241.6	10219	-50.25	-83.45	4	23.4
241.2	10230	-50.15	-83.45	4	23.1
240.9	10241	-49.95	-83.45	3	22.8
240.5	10251	-49.85	-83.55	2	22.6
240.1	10261	-49.85	-83.65	1	22.3
239.7	10273	-49.85	-83.65	360	22
239.1	10287	-49.85	-83.65	359	21.8
238.5	10304	-49.85	-83.65	358	21.6
238.1	10317	-49.75	-83.65	357	21.4
237.7	10327	-49.75	-83.65	356	21.2
237.4	10336	-49.85	-83.65	355	21.1
237	10346	-49.85	-83.65	355	20.9
236.7	10355	-49.85	-83.65	354	20.8
236.4	10364	-49.85	-83.65	353	20.7
236	10373	-49.95	-83.75	352	20.6
235.7	10382	-49.95	-83.75	351	20.5
235.4	10392	-50.05	-83.85	350	20.4
235	10401	-50.05	-83.75	349	20.3
234.7	10411	-50.05	-83.85	348	20.2
234.3	10421	-50.05	-83.85	347	20.2
234	10430	-50.05	-83.85	346	20.1
233.6	10439	-50.15	-83.85	345	20
233.3	10449	-50.15	-83.85	344	20
233	10458	-50.15	-83.95	344	20
232.7	10466	-50.15	-83.85	343	19.9
232.4	10474	-50.05	-83.85	342	19.9
232.1	10483	-50.05	-83.85	342	19.9
231.8	10491	-49.95	-83.75	341	19.9
231.5	10500	-49.85	-83.65	341	19.9
231.2	10508	-49.75	-83.55	341	19.9
230.9	10517	-49.75	-83.55	341	19.9
230.6	10526	-49.75	-83.65	341	19.9
230.3	10535	-49.75	-83.65	341	19.9
229.9	10544	-49.85	-83.65	341	19.9
229.6	10553	-49.75	-83.65	341	19.8
229.3	10562	-49.65	-83.55	341	19.9
229	10572	-49.55	-83.45	340	19.9
228.7	10581	-49.55	-83.45	340	19.9
228.4	10589	-49.55	-83.45	340	19.9
228.1	10598	-49.55	-83.45	340	20
227.8	10606	-49.55	-83.45	340	20
227.4	10616	-49.65	-83.55	340	20.1
227.1	10625	-49.75	-83.55	340	20.2
226.8	10634	-49.85	-83.65	340	20.3
226.5	10642	-49.85	-83.75	340	20.4
226.2	10651	-49.95	-83.75	340	20.5
225.9	10659	-50.05	-83.85	340	20.6
225.6	10668	-50.15	-83.85	340	20.7
225.3	10677	-50.25	-83.95	341	20.8
225	10685	-50.25	-83.95	341	20.9
224.7	10693	-50.25	-83.95	341	21
224.5	10701	-50.25	-83.95	341	21
224.2	10710	-50.15	-83.85	342	21.1
223.9	10718	-50.15	-83.85	342	21.1
223.6	10727	-50.15	-83.85	342	21.1
223.3	10736	-50.15	-83.85	342	21.1
223	10744	-50.15	-83.85	342	21.1
222.7	10753	-50.15	-83.85	342	21
222.4	10762	-50.15	-83.85	342	21
222.1	10771	-50.15	-83.85	342	20.9
221.8	10780	-50.15	-83.85	342	20.8
221.5	10789	-50.15	-83.95	342	20.7
221.1	10799	-50.15	-83.95	342	20.7
220.8	10809	-50.15	-83.85	342	20.6
220.5	10818	-50.15	-83.85	342	20.6
220.2	10827	-50.15	-83.95	342	20.6
219.9	10836	-50.25	-83.95	342	20.6
219.6	10846	-50.25	-83.95	342	20.7
219.3	10854	-50.25	-83.95	342	20.7
219	10863	-50.05	-83.85	342	20.8
218.7	10872	-49.85	-83.75	342	20.9
218.4	10882	-49.85	-83.65	343	21
218	10892	-49.85	-83.65	343	21.1
217.6	10903	-49.95	-83.75	343	21.2
217.2	10917	-50.05	-83.85	344	21.4
216.6	10933	-50.15	-83.85	344	21.5
216	10951	-50.25	-83.95	344	21.6
215.5	10968	-50.45	-84.05	345	21.8
215.1	10980	-50.55	-84.15	345	21.9
214.7	10993	-50.65	-84.25	345	22
214.3	11005	-50.75	-84.25	345	22.1
214	11014	-50.75	-84.35	345	22.2
213.6	11024	-50.85	-84.35	345	22.2
213.3	11033	-50.95	-84.45	345	22.2
213	11044	-50.75	-84.25	345	22.2
212.6	11054	-50.55	-84.15	344	22.2
212.3	11065	-50.55	-84.15	344	22.1
211.9	11076	-50.35	-84.05	344	22
211.6	11086	-50.25	-83.95	344	21.8
211.3	11096	-50.15	-83.95	343	21.7
210.9	11107	-50.05	-83.85	343	21.5
210.6	11117	-49.95	-83.75	342	21.3
210.3	11128	-49.95	-83.75	342	21
209.9	11140	-49.95	-83.75	341	20.8
209.5	11151	-49.95	-83.75	340	20.5
209.2	11162	-49.95	-83.75	340	20.2
208.8	11173	-49.85	-83.65	339	20
208.5	11183	-49.85	-83.75	338	19.7
208.1	11194	-49.95	-83.75	337	19.4
207.8	11205	-50.05	-83.75	336	19.2
207.4	11217	-49.95	-83.75	335	18.9
207	11229	-49.85	-83.65	334	18.6
206.6	11242	-49.85	-83.75	333	18.4
206.2	11254	-49.85	-83.75	333	18.1
205.9	11265	-49.95	-83.75	332	17.9
205.5	11277	-49.95	-83.75	332	17.6
205.2	11288	-49.95	-83.75	332	17.4
204.8	11299	-49.95	-83.75	332	17.2
204.5	11311	-49.85	-83.65	332	17
204.1	11322	-49.75	-83.55	332	16.8
203.8	11333	-49.45	-83.45	332	16.6
203.4	11344	-49.25	-83.25	332	16.4
203.1	11355	-49.15	-83.25	333	16.2
202.7	11367	-49.15	-83.25	333	16
202.3	11379	-49.25	-83.25	333	15.8
202	11390	-49.35	-83.35	333	15.6
201.6	11402	-49.45	-83.35	333	15.4
201.3	11413	-49.45	-83.45	333	15.2
200.9	11424	-49.55	-83.45	333	15
200.6	11437	-49.55	-83.45	333	14.8
200.2	11449	-49.55	-83.45	333	14.6
199.9	11460	-49.55	-83.45	332	14.5
199.5	11471	-49.45	-83.35	332	14.3
199.2	11481	-49.35	-83.35	331	14.2
198.8	11493	-49.45	-83.35	330	14
198.5	11506	-49.45	-83.35	330	13.9
198.1	11519	-49.45	-83.35	329	13.9
197.6	11534	-49.45	-83.45	328	13.8
197.1	11550	-49.55	-83.45	328	13.7
196.6	11567	-49.65	-83.55	327	13.7
196.2	11581	-49.65	-83.55	326	13.7
195.8	11594	-49.75	-83.65	325	13.6
195.5	11604	-49.65	-83.55	325	13.6
195.2	11615	-49.65	-83.55	324	13.6
194.8	11628	-49.85	-83.65	323	13.6
194.4	11641	-50.05	-83.85	323	13.7
194	11654	-50.15	-83.95	322	13.7
193.6	11666	-50.25	-83.95	322	13.7
193.3	11679	-50.35	-84.05	321	13.8
192.9	11692	-50.45	-84.15	321	13.9
192.5	11704	-50.55	-84.15	321	14
192.2	11715	-50.65	-84.25	321	14.1
191.8	11728	-50.85	-84.35	321	14.2
191.5	11740	-50.85	-84.35	321	14.3
191.1	11751	-50.85	-84.35	321	14.5
190.8	11763	-50.95	-84.45	321	14.6
190.4	11775	-51.05	-84.55	322	14.7
190.1	11786	-51.15	-84.55	322	14.9
189.8	11798	-51.15	-84.55	322	15
189.4	11810	-50.95	-84.45	322	15.1
189.1	11823	-50.95	-84.45	323	15.3
188.7	11835	-51.05	-84.45	323	15.4
188.3	11847	-51.05	-84.55	324	15.5
188	11859	-51.15	-84.55	324	15.6
187.6	11872	-51.25	-84.65	325	15.8
187.3	11884	-51.35	-84.65	325	15.9
186.9	11897	-51.45	-84.75	326	16
186.6	11909	-51.55	-84.85	326	16.1
186.2	11921	-51.65	-84.95	327	16.2
185.9	11933	-51.65	-84.95	327	16.3
185.5	11945	-51.75	-85.05	328	16.3
185.2	11957	-51.85	-85.05	329	16.4
184.8	11969	-51.85	-85.15	329	16.4
184.5	11981	-51.85	-85.15	330	16.5
184.1	11993	-51.75	-85.05	330	16.5
183.8	12005	-51.55	-84.85	331	16.5
183.5	12017	-51.25	-84.65	331	16.5
183.2	12028	-51.05	-84.45	332	16.5
182.8	12040	-50.95	-84.45	332	16.4
182.5	12051	-51.05	-84.45	333	16.4
182.2	12063	-50.95	-84.45	334	16.3
181.9	12074	-50.95	-84.45	334	16.3
181.5	12086	-50.95	-84.45	334	16.2
181.2	12097	-50.95	-84.45	335	16
180.9	12108	-50.95	-84.45	335	15.9
180.6	12119	-50.85	-84.45	335	15.7
180.3	12131	-50.75	-84.25	336	15.5
180	12142	-50.55	-84.15	336	15.3
179.6	12154	-50.25	-83.95	336	15.1
179.3	12167	-49.85	-83.65	336	14.8
178.9	12180	-49.85	-83.65	336	14.6
178.6	12192	-49.85	-83.65	335	14.3
178.3	12205	-49.85	-83.65	335	14
177.9	12219	-49.85	-83.75	334	13.7
177.4	12235	-49.95	-83.75	333	13.4
177.1	12249	-50.05	-83.85	332	13.1
176.6	12265	-50.15	-83.95	331	12.9
176.2	12281	-50.35	-84.05	330	12.7
175.8	12295	-50.45	-84.05	329	12.5
175.5	12306	-50.45	-84.15	327	12.4
175.2	12318	-50.65	-84.25	325	12.2
174.9	12329	-50.75	-84.25	324	12.2
174.6	12341	-50.75	-84.35	322	12.1
174.3	12352	-50.85	-84.35	321	12.1
174	12363	-50.95	-84.45	319	12.1
173.7	12375	-51.05	-84.55	318	12.1
173.3	12387	-51.15	-84.55	317	12.1
173.1	12398	-51.15	-84.55	316	12.2
172.8	12408	-51.25	-84.65	315	12.2
172.5	12418	-51.25	-84.65	314	12.3
172.2	12429	-51.25	-84.65	313	12.3
171.9	12440	-51.35	-84.75	313	12.4
171.6	12451	-51.35	-84.75	313	12.5
171.4	12462	-51.25	-84.65	312	12.5
171.1	12472	-51.25	-84.65	312	12.6
170.8	12483	-51.35	-84.75	313	12.6
170.6	12492	-51.35	-84.75	313	12.7
170.3	12502	-51.45	-84.85	313	12.7
170	12512	-51.55	-84.85	314	12.7
169.8	12523	-51.65	-84.95	314	12.8
169.4	12535	-51.75	-84.95	315	12.8
169.1	12548	-51.75	-85.05	315	12.8
168.8	12559	-51.85	-85.05	316	12.8
168.5	12569	-51.85	-85.15	317	12.8
168.2	12581	-51.95	-85.15	317	12.8
168	12592	-52.05	-85.25	318	12.8
167.7	12603	-52.15	-85.25	318	12.9
167.4	12613	-52.25	-85.35	319	12.9
167.1	12624	-52.35	-85.45	319	12.9
166.8	12635	-52.45	-85.45	319	13
166.5	12648	-52.45	-85.45	320	13.1
166.2	12659	-52.45	-85.45	320	13.2
166	12669	-52.55	-85.55	320	13.3
165.7	12680	-52.45	-85.55	320	13.4
165.4	12690	-52.35	-85.45	321	13.5
165.2	12700	-52.15	-85.35	321	13.6
164.9	12711	-52.15	-85.35	321	13.8
164.6	12721	-52.15	-85.35	321	13.9
164.4	12731	-52.15	-85.25	322	14
164.1	12741	-52.15	-85.25	322	14.2
163.9	12751	-52.25	-85.35	322	14.3
163.6	12760	-52.25	-85.35	322	14.4
163.4	12769	-52.25	-85.35	323	14.4
163.2	12779	-52.05	-85.25	323	14.5
162.9	12789	-51.75	-85.05	323	14.6
162.7	12798	-51.65	-84.95	323	14.6
162.4	12808	-51.45	-84.85	323	14.6
162.2	12818	-51.45	-84.75	323	14.6
161.9	12828	-51.35	-84.75	323	14.6
161.7	12838	-51.35	-84.75	323	14.6
161.4	12848	-51.35	-84.75	323	14.6
161.2	12859	-51.45	-84.85	324	14.6
160.9	12869	-51.55	-84.85	324	14.6
160.7	12879	-51.65	-84.95	324	14.5
160.4	12889	-51.65	-84.95	323	14.5
160.2	12899	-51.75	-85.05	323	14.4
159.9	12909	-51.75	-85.05	323	14.4
159.7	12918	-51.85	-85.05	323	14.3
159.5	12928	-51.95	-85.15	322	14.2
159.2	12938	-52.05	-85.25	321	14.2
159	12948	-52.15	-85.25	320	14.1
158.7	12959	-52.25	-85.35	319	14.1
158.4	12970	-52.25	-85.35	318	14.1
158.2	12980	-52.25	-85.35	317	14
157.9	12990	-52.25	-85.35	316	14
157.7	13001	-52.25	-85.35	315	14
157.4	13011	-52.25	-85.35	313	14
157.2	13021	-52.35	-85.45	312	14
156.9	13031	-52.35	-85.45	311	13.9
156.7	13041	-52.35	-85.45	310	13.9
156.5	13050	-52.35	-85.45	309	13.9
156.2	13060	-52.05	-85.25	308	13.9
156	13071	-51.85	-85.05	307	13.9
155.7	13081	-51.55	-84.85	306	13.9
155.5	13091	-51.35	-84.75	305	14
155.2	13102	-51.15	-84.65	305	14
155	13112	-51.05	-84.55	304	14
154.8	13122	-50.95	-84.45	304	14
154.5	13132	-50.85	-84.45	304	14.1
154.3	13142	-50.95	-84.45	304	14.1
154	13152	-50.95	-84.45	304	14.2
153.8	13162	-51.05	-84.55	304	14.3
153.5	13173	-51.15	-84.55	303	14.4
153.3	13183	-51.15	-84.65	303	14.4
153.1	13193	-51.25	-84.65	303	14.5
152.8	13203	-51.35	-84.75	304	14.5
152.6	13214	-51.35	-84.75	304	14.6
152.3	13224	-51.35	-84.75	304	14.6
152.1	13234	-51.25	-84.65	304	14.6
151.9	13244	-50.95	-84.45	304	14.6
151.6	13254	-50.75	-84.25	304	14.6
151.4	13264	-50.65	-84.25	304	14.5
151.2	13274	-50.45	-84.15	305	14.5
151	13284	-50.25	-83.95	305	14.4
150.7	13294	-50.25	-83.95	306	14.3
150.5	13305	-50.25	-83.95	306	14.3
150.2	13315	-50.25	-83.95	306	14.2
150	13325	-50.35	-84.05	307	14.2
149.8	13336	-50.45	-84.05	308	14.2
149.5	13346	-50.55	-84.15	308	14.2
149.3	13357	-50.55	-84.15	309	14.2
149	13368	-50.65	-84.25	309	14.2
148.8	13379	-50.75	-84.25	310	14.3
148.5	13389	-50.75	-84.35	310	14.3
148.3	13399	-50.85	-84.35	311	14.4
148.1	13409	-50.95	-84.45	311	14.5
147.9	13419	-51.05	-84.55	312	14.6
147.6	13429	-51.15	-84.55	312	14.7
147.4	13439	-51.15	-84.55	312	14.8
147.2	13449	-51.15	-84.55	312	14.9
146.9	13459	-51.15	-84.65	312	15
146.7	13470	-51.15	-84.65	312	15.1
146.5	13480	-51.05	-84.55	312	15.2
146.2	13490	-50.95	-84.45	312	15.3
146	13501	-50.95	-84.45	312	15.3
145.8	13512	-50.95	-84.45	312	15.4
145.5	13522	-50.85	-84.35	311	15.4
145.3	13532	-50.85	-84.35	311	15.5
145.1	13542	-50.75	-84.35	310	15.5
144.8	13553	-50.65	-84.25	310	15.4
144.6	13564	-50.55	-84.15	310	15.4
144.4	13574	-50.55	-84.15	309	15.3
144.1	13584	-50.35	-84.05	309	15.2
143.9	13594	-50.25	-83.95	308	15.1
143.7	13605	-50.15	-83.95	308	15
143.5	13615	-50.15	-83.85	307	14.8
143.2	13625	-50.15	-83.95	307	14.7
143	13635	-50.25	-83.95	307	14.5
142.8	13646	-50.25	-83.95	306	14.4
142.6	13656	-50.35	-84.05	306	14.2
142.3	13667	-50.45	-84.05	306	14.1
142.1	13678	-50.55	-84.15	305	14
141.8	13689	-50.55	-84.15	305	13.9
141.6	13700	-50.65	-84.25	305	13.8
141.4	13711	-50.75	-84.25	305	13.8
141.1	13722	-50.75	-84.35	305	13.8
140.9	13733	-50.85	-84.35	305	13.8
140.6	13744	-50.85	-84.35	305	13.8
140.4	13755	-50.85	-84.35	304	13.8
140.2	13766	-50.85	-84.35	304	13.8
139.9	13777	-50.85	-84.35	304	13.8
139.7	13788	-50.95	-84.45	304	13.9
139.5	13799	-50.95	-84.45	304	13.9
139.2	13810	-50.95	-84.45	304	14
139	13820	-51.05	-84.55	304	14
138.8	13831	-51.15	-84.55	304	14
138.5	13842	-51.15	-84.65	304	14
138.3	13853	-51.25	-84.65	304	14
138.1	13865	-51.35	-84.75	304	14
137.8	13875	-51.45	-84.75	304	14
137.6	13886	-51.45	-84.85	304	14
137.4	13897	-51.55	-84.85	304	14
137.1	13908	-51.65	-84.95	304	14
136.9	13919	-51.75	-84.95	304	14
136.7	13929	-51.85	-85.05	303	14
136.5	13939	-51.95	-85.15	303	14.1
136.3	13950	-51.95	-85.15	302	14.1
136	13960	-52.05	-85.15	302	14.2
135.8	13971	-52.05	-85.25	302	14.2
135.6	13982	-52.15	-85.25	301	14.3
135.4	13992	-52.25	-85.35	300	14.4
135.2	14002	-52.25	-85.35	300	14.4
135	14012	-52.25	-85.35	299	14.5
134.7	14022	-52.25	-85.35	298	14.5
134.5	14032	-52.25	-85.35	298	14.6
134.3	14043	-52.35	-85.45	297	14.6
134.1	14053	-52.35	-85.45	296	14.6
133.9	14064	-52.25	-85.35	295	14.6
133.6	14075	-52.15	-85.25	294	14.6
133.4	14085	-52.05	-85.25	293	14.6
133.2	14095	-52.05	-85.25	292	14.7
133	14104	-52.15	-85.25	291	14.7
132.9	14114	-52.15	-85.35	290	14.7
132.7	14123	-52.15	-85.25	289	14.8
132.5	14132	-52.05	-85.25	288	14.8
132.3	14141	-51.85	-85.15	288	14.8
132.1	14150	-51.65	-84.95	287	14.9
131.9	14159	-51.45	-84.75	287	14.9
131.7	14169	-51.15	-84.55	287	15
131.5	14178	-50.95	-84.45	286	15
131.3	14188	-50.95	-84.45	286	15
131.2	14197	-50.95	-84.45	286	15
131	14207	-51.05	-84.55	287	15
130.8	14217	-51.15	-84.55	287	15
130.6	14227	-51.15	-84.65	287	15
130.4	14237	-51.15	-84.65	288	14.9
130.2	14247	-51.25	-84.65	289	14.9
130	14256	-51.35	-84.65	290	14.8
129.8	14266	-51.35	-84.75	290	14.8
129.6	14276	-51.45	-84.75	291	14.8
129.4	14287	-51.55	-84.85	293	14.7
129.1	14297	-51.65	-84.95	294	14.7
128.9	14308	-51.75	-84.95	295	14.7
128.7	14318	-51.85	-85.05	296	14.6
128.5	14328	-51.95	-85.15	297	14.6
128.4	14337	-51.95	-85.15	299	14.6
128.2	14346	-52.05	-85.25	300	14.6
128	14355	-52.05	-85.25	301	14.6
127.8	14364	-52.25	-85.35	302	14.6
127.6	14374	-52.35	-85.45	304	14.7
127.4	14384	-52.35	-85.45	305	14.7
127.3	14393	-52.45	-85.45	306	14.7
127.1	14402	-52.45	-85.55	307	14.8
126.9	14412	-52.55	-85.55	308	14.9
126.7	14421	-52.55	-85.55	309	14.9
126.5	14429	-52.65	-85.65	310	15.1
126.4	14438	-52.65	-85.65	311	15.2
126.2	14446	-52.75	-85.65	312	15.3
126	14455	-52.75	-85.75	312	15.5
125.9	14464	-52.75	-85.75	313	15.6
125.7	14471	-52.65	-85.65	314	15.7
125.6	14479	-52.65	-85.65	315	15.9
125.4	14487	-52.65	-85.65	315	15.9
125.2	14496	-52.65	-85.65	316	16
125.1	14504	-52.75	-85.75	316	16
124.9	14512	-52.75	-85.65	317	16
124.8	14520	-52.55	-85.55	317	15.9
124.6	14529	-52.05	-85.25	317	15.8
124.5	14536	-51.75	-85.05	317	15.6
124.3	14543	-51.65	-84.95	317	15.4
124.2	14551	-51.65	-84.95	317	15.2
124	14559	-51.55	-84.85	317	15
123.9	14567	-51.45	-84.75	316	14.7
123.7	14575	-51.25	-84.65	316	14.5
123.6	14583	-51.15	-84.65	316	14.3
123.4	14591	-51.15	-84.55	315	14
123.3	14598	-51.15	-84.55	315	13.8
123.1	14607	-51.15	-84.65	314	13.6
122.9	14616	-51.25	-84.65	313	13.4
122.8	14624	-51.15	-84.55	313	13.2
122.6	14632	-51.15	-84.55	312	13
122.5	14640	-51.15	-84.55	312	12.8
122.3	14648	-51.15	-84.65	311	12.6
122.2	14656	-51.15	-84.65	311	12.5
122	14663	-51.25	-84.65	310	12.3
121.9	14671	-51.25	-84.65	310	12.1
121.7	14680	-51.35	-84.75	310	12
121.6	14688	-51.35	-84.75	310	11.8
121.4	14697	-51.35	-84.75	309	11.7
121.3	14706	-51.45	-84.75	309	11.5
121.1	14713	-51.45	-84.85	310	11.4
121	14722	-51.55	-84.85	310	11.3
120.8	14730	-51.65	-84.95	310	11.1
120.6	14739	-51.65	-84.95	310	11
120.5	14748	-51.75	-84.95	310	10.8
120.3	14757	-51.75	-85.05	310	10.7
120.1	14766	-51.85	-85.05	310	10.5
120	14775	-51.95	-85.15	310	10.3
119.8	14784	-51.95	-85.15	310	10.1
119.6	14793	-52.05	-85.15	310	9.9
119.5	14802	-52.05	-85.25	310	9.7
119.3	14811	-52.15	-85.25	310	9.5
119.1	14821	-52.15	-85.25	309	9.3
118.9	14831	-52.15	-85.35	309	9.2
118.8	14840	-52.15	-85.35	309	9
118.6	14850	-52.15	-85.25	308	8.9
118.4	14859	-52.15	-85.25	308	8.8
118.2	14869	-52.15	-85.35	307	8.8
118.1	14877	-52.15	-85.25	307	8.8
117.9	14887	-52.15	-85.25	306	8.7
117.7	14896	-52.15	-85.35	306	8.8
117.6	14906	-52.25	-85.35	305	8.8
117.4	14916	-52.25	-85.35	305	8.8
117.2	14925	-52.35	-85.45	304	8.9
117	14935	-52.45	-85.45	303	8.9
116.9	14945	-52.55	-85.55	303	9
116.7	14955	-52.55	-85.55	302	9.1
116.5	14964	-52.55	-85.55	302	9.1
116.3	14974	-52.65	-85.65	301	9.2
116.1	14985	-52.65	-85.65	301	9.3
116	14994	-52.75	-85.65	300	9.4
115.8	15003	-52.75	-85.65	300	9.6
115.6	15012	-52.75	-85.65	300	9.7
115.5	15022	-52.75	-85.75	299	9.9
115.3	15031	-52.85	-85.75	299	10.1
115.1	15041	-52.95	-85.85	299	10.3
114.9	15051	-53.05	-85.95	299	10.5
114.8	15062	-53.15	-85.95	299	10.8
114.6	15073	-53.15	-86.05	299	11
114.4	15083	-53.25	-86.05	299	11.3
114.2	15095	-53.35	-86.05	299	11.6
114	15106	-53.35	-86.15	299	11.8
113.8	15117	-53.45	-86.15	299	12.1
113.6	15127	-53.45	-86.25	299	12.5
113.4	15137	-53.55	-86.25	300	12.8
113.2	15148	-53.65	-86.35	300	13
113	15160	-53.75	-86.45	300	13.3
112.8	15171	-53.85	-86.55	300	13.6
112.6	15183	-53.95	-86.55	300	13.8
112.4	15194	-54.05	-86.65	301	14.1
112.2	15205	-54.05	-86.65	301	14.2
112	15216	-54.25	-86.75	302	14.4
111.9	15225	-54.25	-86.75	302	14.5
111.7	15235	-54.25	-86.75	303	14.5
111.5	15245	-54.25	-86.75	303	14.5
111.4	15255	-54.05	-86.65	304	14.5
111.2	15264	-53.85	-86.45	305	14.4
111	15275	-53.75	-86.45	305	14.4
110.8	15285	-53.65	-86.35	306	14.3
110.7	15295	-53.65	-86.35	307	14.1
110.5	15305	-53.75	-86.45	308	14
110.3	15315	-53.75	-86.45	308	13.9
110.2	15325	-53.75	-86.45	309	13.7
110	15335	-53.85	-86.55	309	13.6
109.8	15345	-53.95	-86.55	310	13.4
109.6	15354	-54.05	-86.65	310	13.3
109.5	15364	-54.15	-86.65	310	13.1
109.3	15373	-54.15	-86.75	310	13
109.2	15383	-54.15	-86.65	310	12.9
109	15394	-54.05	-86.65	310	12.8
108.8	15404	-54.15	-86.65	309	12.6
108.6	15413	-54.25	-86.75	308	12.5
108.5	15423	-54.25	-86.75	308	12.4
108.3	15434	-54.15	-86.75	307	12.3
108.1	15444	-54.15	-86.75	305	12.3
107.9	15455	-54.05	-86.65	304	12.2
107.8	15466	-54.05	-86.65	303	12.2
107.6	15476	-54.15	-86.65	302	12.1
107.4	15486	-54.15	-86.65	300	12.1
107.3	15496	-54.15	-86.75	299	12.2
107.1	15506	-54.15	-86.75	297	12.2
106.9	15516	-54.15	-86.65	296	12.3
106.7	15526	-54.15	-86.75	295	12.4
106.6	15536	-54.25	-86.75	294	12.5
106.4	15547	-54.15	-86.75	293	12.7
106.2	15557	-54.15	-86.75	292	12.9
106.1	15568	-54.15	-86.75	292	13.1
105.9	15579	-54.25	-86.75	292	13.3
105.7	15590	-54.25	-86.75	291	13.5
105.5	15601	-54.35	-86.85	292	13.8
105.3	15613	-54.35	-86.85	292	14
105.1	15623	-54.35	-86.85	292	14.2
105	15633	-54.35	-86.85	293	14.4
104.8	15643	-54.35	-86.85	293	14.6
104.6	15654	-54.35	-86.85	294	14.8
104.4	15666	-54.35	-86.85	295	15
104.3	15677	-54.45	-86.95	296	15.2
104.1	15688	-54.55	-86.95	296	15.3
103.9	15699	-54.55	-86.95	297	15.4
103.7	15710	-54.55	-86.95	298	15.6
103.5	15721	-54.55	-86.95	299	15.7
103.4	15732	-54.55	-87.05	300	15.8
103.2	15743	-54.55	-86.95	301	15.9
103	15753	-54.55	-86.95	301	16
102.8	15765	-54.55	-86.95	302	16.1
102.7	15776	-54.55	-86.95	303	16.2
102.5	15787	-54.55	-86.95	304	16.3
102.3	15798	-54.45	-86.95	304	16.4
102.1	15809	-54.45	-86.85	305	16.5
102	15819	-54.35	-86.85	305	16.5
101.8	15830	-54.35	-86.85	306	16.6
101.6	15841	-54.35	-86.85	306	16.6
101.5	15852	-54.45	-86.95	307	16.6
101.3	15863	-54.55	-86.95	307	16.6
101.1	15874	-54.65	-87.05	307	16.6
100.9	15885	-54.55	-86.95	308	16.5
100.8	15896	-54.55	-86.95	308	16.4
100.6	15907	-54.45	-86.95	308	16.3
100.4	15918	-54.45	-86.95	308	16.2
100.2	15929	-54.55	-86.95	308	16.1
100.1	15940	-54.55	-86.95	308	15.9
99.9	15952	-54.55	-87.05	308	15.7
99.7	15963	-54.65	-87.05	308	15.6
99.5	15975	-54.65	-87.05	308	15.4
99.3	15986	-54.65	-87.05	308	15.2
99.2	15998	-54.65	-87.05	308	15
99	16010	-54.65	-87.05	308	14.9
98.8	16022	-54.55	-87.05	308	14.7
98.6	16033	-54.55	-86.95	309	14.5
98.5	16044	-54.45	-86.95	309	14.3
98.3	16054	-54.45	-86.95	309	14.2
98.1	16066	-54.55	-86.95	309	14
97.9	16077	-54.55	-87.05	309	13.9
97.8	16088	-54.55	-86.95	310	13.7
97.6	16100	-54.55	-86.95	310	13.6
97.4	16112	-54.55	-86.95	310	13.5
97.2	16123	-54.55	-86.95	311	13.4
97.1	16134	-54.65	-87.05	311	13.4
96.9	16146	-54.65	-87.05	312	13.3
96.7	16157	-54.75	-87.15	312	13.3
96.5	16169	-54.85	-87.15	312	13.2
96.4	16180	-54.95	-87.25	313	13.1
96.2	16191	-55.05	-87.25	313	13
96	16203	-55.05	-87.35	313	12.9
95.9	16214	-55.05	-87.35	314	12.8
95.7	16225	-55.15	-87.35	314	12.7
95.5	16236	-55.05	-87.35	314	12.6
95.4	16248	-54.85	-87.25	313	12.4
95.2	16260	-54.75	-87.15	313	12.3
95	16272	-54.65	-87.05	312	12.1
94.8	16283	-54.45	-86.95	312	12
94.7	16295	-54.25	-86.75	311	11.9
94.5	16307	-54.15	-86.75	310	11.7
94.3	16318	-54.25	-86.75	309	11.6
94.1	16330	-54.35	-86.85	308	11.6
94	16341	-54.35	-86.85	306	11.5
93.8	16354	-54.45	-86.95	306	11.4
93.6	16365	-54.55	-86.95	305	11.4
93.4	16377	-54.55	-86.95	304	11.4
93.3	16389	-54.55	-87.05	303	11.4
93.1	16401	-54.65	-87.05	303	11.4
92.9	16412	-54.75	-87.15	303	11.4
