
    04018 BIKF Keflavikurflugvollur Observations at 12Z 15 Apr 2010

-----------------------------------------------------------------------------
   PRES   HGHT   TEMP   DWPT   RELH   MIXR   DRCT   SKNT   THTA   THTE   THTV
    hPa     m      C      C      %    g/kg    deg   knot     K      K      K 
-----------------------------------------------------------------------------
 1020.0     54    5.2    3.6     89   4.88    215      6  276.8  290.2  277.6
 1016.0     83    4.9    3.3     89   4.80    230     10  276.8  290.1  277.6
 1000.0    198    3.8    2.2     89   4.51    235     14  276.9  289.4  277.7
  925.0    826   -0.5   -0.5    100   4.00    240     26  278.8  290.0  279.5
  920.0    869   -1.1   -1.1    100   3.85    239     28  278.6  289.4  279.3
  899.0   1053   -2.1   -2.3     99   3.62    235     34  279.4  289.6  280.0
  859.0   1414   -4.2   -4.6     97   3.19    245     33  280.9  290.0  281.4
  850.0   1498   -4.7   -5.1     97   3.09    240     35  281.2  290.1  281.7
  830.0   1685   -5.8   -6.3     97   2.90    235     31  281.9  290.3  282.4
  824.0   1741   -6.2   -6.6     97   2.84    245     30  282.2  290.4  282.6
  805.0   1924   -7.3   -7.8     96   2.66    260     31  282.9  290.7  283.3
  801.0   1963   -7.5   -8.0     96   2.62    260     32  283.0  290.7  283.5
  783.0   2140   -9.5  -13.2     74   1.77    259     36  282.7  288.0  283.0
  726.0   2720  -12.9  -15.2     83   1.62    256     49  285.2  290.1  285.5
  700.0   2998  -13.5  -15.5     85   1.64    255     56  287.5  292.5  287.8
  671.0   3318  -15.3  -16.7     89   1.55    260     59  289.0  293.8  289.3
  640.0   3673  -16.3  -18.0     87   1.46    265     63  291.8  296.4  292.0
  615.0   3971  -17.2  -19.1     85   1.38    265     52  294.1  298.5  294.4
  572.0   4514  -18.7  -21.1     81   1.25    263     56  298.5  302.6  298.7
  531.0   5063  -22.9  -26.8     70   0.81    261     60  299.9  302.6  300.0
  500.0   5500  -26.1  -29.2     75   0.69    260     63  301.2  303.5  301.3
  476.0   5855  -29.1  -32.0     76   0.55    261     68  301.7  303.6  301.8
  400.0   7080  -38.5  -42.0     69   0.24    265     86  304.9  305.8  304.9
  380.0   7430  -40.7  -44.2     69   0.20    265     89  306.5  307.2  306.5
  312.0   8737  -51.9  -56.9     55   0.06    265    100  308.6  308.8  308.6
  300.0   8990  -53.7  -58.7     54   0.05    265    102  309.6  309.7  309.6
  262.0   9847  -60.3  -64.5     57   0.02    270    108  312.1  312.2  312.1
  261.0   9871  -60.5  -64.7     58   0.02    270    108  312.1  312.2  312.1
  250.0  10140  -59.7  -66.7     40   0.02    275     91  317.2  317.3  317.2
  242.0  10345  -59.0  -69.5     24   0.01    270     75  321.2  321.3  321.2
  231.0  10639  -58.0  -73.6     12   0.01    265     73  327.1  327.1  327.1
  220.0  10947  -56.9  -77.9      5   0.00    268     64  333.3  333.3  333.3
  207.0  11337  -52.5  -80.5      2   0.00    273     52  346.1  346.1  346.1
  200.0  11560  -53.1  -82.1      2   0.00    275     46  348.5  348.5  348.5
  199.0  11592  -53.2  -82.2      2   0.00    270     45  348.8  348.8  348.8
  193.0  11789  -54.1  -83.1      2   0.00    263     51  350.5  350.5  350.5
  190.0  11891  -53.7  -83.1      2   0.00    260     54  352.7  352.7  352.7
  187.0  11995  -53.3  -83.1      2   0.00    265     58  354.9  354.9  354.9
  182.0  12171  -52.6  -83.1      1   0.00    280     51  358.8  358.8  358.8
  164.0  12847  -50.0  -83.1      1   0.00    270     41  374.0  374.0  374.0
  158.0  13089  -49.1  -83.1      1   0.00    276     41  379.6  379.6  379.6
  150.0  13430  -49.9  -83.9      1   0.00    285     40  383.9  383.9  383.9
  148.0  13517  -50.1  -84.1      1   0.00    290     36  384.9  384.9  384.9
  133.0  14207  -52.2  -85.3      1   0.00    270     36  393.2  393.3  393.2
  123.0  14713  -53.7  -86.2      1   0.00    290     21  399.4  399.4  399.4
  117.0  15036  -54.6  -86.8      1   0.00    275     28  403.4  403.4  403.4
  114.0  15204  -55.1  -87.1      1   0.00    275     32  405.5  405.5  405.5
  110.0  15432  -55.2  -87.2      1   0.00    290     32  409.5  409.5  409.5
  100.0  16040  -55.5  -87.5      1   0.00    275     30  420.2  420.2  420.2
   97.0  16234  -55.1  -87.4      1   0.00    265     29  424.6  424.6  424.6
   90.6  16669  -54.3  -87.3      1   0.00    301     22  434.6  434.6  434.6
   90.0  16711  -54.5  -87.4      1   0.00    305     21  435.0  435.0  435.0
   82.0  17300  -57.7  -89.1      1   0.00    285     29  440.3  440.3  440.3
   80.0  17456  -58.5  -89.5      1   0.00    291     25  441.7  441.7  441.7
   77.7  17640  -56.1  -88.1      1   0.00    297     19  450.4  450.4  450.4
   75.0  17864  -56.3  -88.3      1   0.00    305     13  454.5  454.6  454.5
   73.0  18035  -56.5  -88.5      1   0.00    295     10  457.7  457.7  457.7
   72.0  18122  -56.5  -88.5      1   0.00    280     12  459.4  459.4  459.4
   70.0  18300  -56.7  -88.7      1   0.00    305     19  462.7  462.8  462.7
   69.7  18327  -56.3  -88.3      1   0.00    305     19  464.2  464.2  464.2
   62.0  19068  -59.3  -90.3      1   0.00    305     14  473.3  473.3  473.3
   60.0  19274  -59.2  -90.2      1   0.00    280     15  477.9  477.9  477.9
   55.0  19821  -59.1  -90.1      1   0.00    305     24  490.3  490.3  490.3
   50.0  20420  -58.9  -89.9      1   0.00    305     18  504.2  504.3  504.2
   49.5  20483  -58.3  -89.3      1   0.00    305     17  507.1  507.1  507.1
   49.0  20547  -58.5  -89.5      1   0.00    305     16  508.0  508.1  508.0
   46.0  20942  -60.0  -91.0      1   0.00    280     22  513.8  513.8  513.8
   44.0  21220  -61.0  -92.0      1   0.00    295     31  517.8  517.8  517.8
   43.1  21349  -61.5  -92.5      1   0.00    308     29  519.7  519.7  519.7
   43.0  21363  -61.4  -92.4      1   0.00    310     29  520.2  520.2  520.2
   40.0  21815  -59.5  -90.5      1   0.00    310     23  535.9  535.9  535.9
   39.1  21957  -58.9  -89.9      1   0.00    319     23  541.0  541.0  541.0
   38.0  22135  -59.6  -90.6      1   0.00    330     22  543.5  543.5  543.5
   36.0  22473  -61.0  -92.0      1   0.00    310     17  548.4  548.4  548.4
   35.9  22491  -61.1  -92.1      1   0.00    310     17  548.6  548.6  548.6
   32.1  23189  -59.5  -90.5      1   0.00    325     12  570.7  570.7  570.7
   31.0  23406  -60.8  -91.3      1   0.00    330     11  572.8  572.8  572.8
   30.0  23610  -62.1  -92.1      1   0.00    320     15  574.8  574.8  574.8
   29.8  23651  -62.5  -92.5      1   0.00    317     15  574.8  574.8  574.8
   29.0  23820  -62.2  -92.3      1   0.00    305     15  580.2  580.2  580.2
   28.0  24038  -61.7  -92.0      1   0.00    325     22  587.2  587.2  587.2
   27.0  24263  -61.3  -91.7      1   0.00    295     21  594.6  594.6  594.6
   25.0  24740  -60.4  -91.1      1   0.00    330     22  610.5  610.5  610.5
   24.0  24994  -59.9  -90.7      1   0.00    305     22  619.1  619.1  619.1
   23.3  25177  -59.5  -90.5      1   0.00    315     23  625.4  625.5  625.4
   23.0  25258  -59.5  -90.5      1   0.00    320     23  627.6  627.7  627.6
   20.0  26130  -59.9  -90.9      1   0.01    325     27  652.1  652.1  652.1


      Station information and sounding indices

                         Station identifier: BIKF
                             Station number: 4018
                           Observation time: 100415/1200
                           Station latitude: 63.96
                          Station longitude: -22.60
                          Station elevation: 54.0
                            Showalter index: 10.04
                               Lifted index: 10.40
    LIFT computed using virtual temperature: 10.45
                                SWEAT index: 200.76
                                    K index: 14.30
                         Cross totals index: 21.00
                      Vertical totals index: 21.40
                        Totals totals index: 42.40
      Convective Available Potential Energy: 0.10
             CAPE using virtual temperature: 0.11
                      Convective Inhibition: -2.74
             CINS using virtual temperature: -2.71
                           Equilibrum Level: 904.12
 Equilibrum Level using virtual temperature: 781.94
                   Level of Free Convection: 921.59
             LFCT using virtual temperature: 921.17
                     Bulk Richardson Number: 0.00
          Bulk Richardson Number using CAPV: 0.00
  Temp [K] of the Lifted Condensation Level: 274.77
Pres [hPa] of the Lifted Condensation Level: 968.87
     Mean mixed layer potential temperature: 277.28
              Mean mixed layer mixing ratio: 4.47
              1000 hPa to 500 hPa thickness: 5302.00
Precipitable water [mm] for entire sounding: 13.31

Description of the data columns
<http://weather.uwyo.edu/upperair/columns.html> or sounding indices
<http://weather.uwyo.edu/upperair/indices.html>.

------------------------------------------------------------------------
/Interested in graduate studies in atmospheric science? Check out our
program at the University of Wyoming
<http://www.uwyo.edu/atsc/howtoapply/>/
------------------------------------------------------------------------
Questions about the weather data provided by this site can be addressed
to Larry Oolman (ldoolman@uwyo.edu) <mailto:ldoolman@uwyo.edu>
------------------------------------------------------------------------
